#ϕi     #w (amp2)             #rf   #wt	                  #mf	                #com	                #Q
0.01    1.006566950898556     150   0.9931387469372172    0.2019903440436157    0.001346692073095568    0.2051854128702093
0.02    1.0132795537182488    110   0.986398465030154     0.2798254205148090    0.002544098740928813    0.2887303724410396
0.03    1.0201415406410632    90    0.9797775546231252    0.3357553725000477    0.003731029808867803    0.3518778198427634
0.04    1.0271567639374126    80    0.9732744748652175    0.3798657521087661    0.004748915515798813    0.4043314060100646
0.05    1.0343292005390652    75    0.9668877425139648    0.4161688651674359    0.005549658156653259    0.4498738383700387
0.06    1.0416629568019542    65    0.9606159307163967    0.4467764844903990    0.006874541998621697    0.4904573774874834
0.07    1.0491622734766182    60    0.9544576678825735    0.4729753224777526    0.007884236080643092    0.5272490930402138
0.08    1.0568315308909924    55    0.9484116365855647    0.4956247107602818    0.009012997104206277    0.561014208670004
0.09    1.0646752543560656    55    0.9424765724963009    0.5153359750581777    0.009371448900858337    0.5922876012380626
0.10    1.0726981198099255    50    0.9366512634041222    0.5325645466573281    0.010653421617470349    0.6214611415306012
						Real Maximum
0.11    1.0809049596990030    50    0.9309345481948605    0.5476618459254317    0.010955428004109757    0.6488324779643944
0.12    1.0893007691282786    45    0.9253253159902166    0.5609066122847762    0.012467361908974905    0.6746342418524472
0.13    1.0978907122664927    45    0.9198225051892456    0.5725248869169792    0.012725603176638900    0.6990525126953638
0.14    1.1066801290463353    45    0.9144251026726381    0.5827033281404258    0.012951841034461675    0.7222390120111986
0.15    1.1156745421513492    40    0.9091321429645838    0.5915984140003715    0.014793658764700237    0.744319454537616
0.16    1.1248796643080072    40    0.9039427074057119    0.5993429986399099    0.014987321796446630    0.7653994432559792
0.17    1.1343014059187648    40    0.8988559234963370    0.6060511040869733    0.015155066368766292    0.7855687365077378
0.18    1.1439458830128695    40    0.8938709641045316    0.6118215049498514    0.015299362464362141    0.8049044109463608
0.19    1.1538194255632346    40    0.8889870467966915    0.6167404602246436    0.015422367097390201    0.8234732483693089
0.20    1.1639285861744504    35    0.8842034331907684    0.6208838319920179    0.017744607944898240    0.8413335690784882
0.21    1.1742801491503911    35    0.8795194282775990    0.6243187543752147    0.017842776632614632    0.8585366626971981
0.22    1.1848811399873440    35    0.8749343798854035    0.6271049642463572    0.017922405380003670    0.8751279171582008
0.23    1.1957388352719060    35    0.8704476780321064    0.6292958777509554    0.017985020798826135    0.8911477244759877
0.24    1.2068607730381609    35    0.8660587543845353    0.6309394686637637    0.018031993960095305    0.9066322122607879
0.25    1.2182547635863907    35    0.8617670817060005    0.6320789932624988    0.018064561110673616    0.9216138421879779
0.26    1.2299289007917908    35    0.8575721733315550    0.6327535935796034    0.018083840913963256    0.9361219035924159
0.27    1.2418915739233443    35    0.8534735826551804    0.6329988037097244    0.018090848919968427    0.9501829242944589 Max
0.28    1.2541514799984106    30    0.8494709026370116    0.6328469778722324    0.021101933240153137    0.963821015110087
0.29    1.2667176366846424    30    0.8455637652715093    0.6323276553886168    0.021084616718525406    0.9770581619513
0.30    1.2795993958104641    30    0.8417518411752460    0.6314678723687167    0.021055947728198632    0.9899144724949008
0.31    1.2928064574589880    30    0.8380348390590298    0.6302924315282377    0.021016753302040614    1.002408389658152
0.32    1.3063488847124396    30    0.8344125052638190    0.6288241354909894    0.020967793780958647    1.0145568747189504
0.33    1.3202371190586644    30    0.8308846232812227    0.6270839901709808    0.020909769595563232    1.0263755665061072
0.34    1.3344819964951158    30    0.8274510132808014    0.6250913826941373    0.020843327198869555    1.0378789202079863
0.35    1.3490947643525220    30    0.8241115316111740    0.6228642379949123    0.020769064287925076    1.0490803296540845
0.36    1.3640870988756966    30    0.8208660702967897    0.6204191570055990    0.020687534411655883    1.0599922352611082
0.37    1.3794711235917008    30    0.8177145565189199    0.6177715391311597    0.020599251054722267    1.070626219991045
0.38    1.3952594284953075    30    0.8146569520684926    0.6149356912637400    0.020504691272547560    1.0809930953214122
0.39    1.4114650900877050    30    0.8116932527749149    0.6119249250794458    0.020404298935625453    1.0911029785796387
0.40    1.4281016923012848    30    0.8088234879015404    0.6087516441892715    0.020298487635519613    1.1009653630048812
0.41    1.4451833483427208    30    0.8060477194965238    0.6054274224958356    0.020187643297625790    1.1105891817508113
0.42    1.4627247234927727    30    0.8033660417028821    0.6019630747639734    0.020072126534309287    1.119982866532113
0.43    1.4807410588966963    25    0.8007785800167406    0.5983687203940644    0.023944326546380068    1.1291544018112183
0.44    1.4992481963638338    25    0.7982854904478969    0.5946538415068726    0.023795671929045470    1.1381113759611934
0.45    1.5182626042570120    25    0.7958869586846816    0.5908273351464153    0.023642550426025973    1.146861027809381
0.46    1.5378014044425519    25    0.7935831991000776    0.5868975614481302    0.023485296576554790    1.1554102921412122
0.47    1.5578824003812275    25    0.7913744537042405    0.5828723873574501    0.023324225184370717    1.163765842343253
0.48    1.5785241063765845    25    0.7892609909918903    0.5787592266887640    0.023159632920717820    1.1719341313942668
0.49    1.5997457780059139    25    0.7872431046630858    0.5745650769880447    0.022991799799440545    1.1799214317778663
0.50    1.6215674437748686    25    0.7853211122291011    0.5702965533617694    0.022820990530682040    1.1877338741427632
0.52    1.6670949350287145    25    0.7817661887252568    0.5615611177549018    0.022471433283508480    1.2028582266954932
0.54    1.7152835485346350    25    0.7785991740263435    0.5525993228867643    0.022112818042686666    1.2173548398317497
0.56    1.7663248579785910    25    0.7758232858800275    0.5434532285952375    0.021746827874958520    1.2312715197360957
0.58    1.8204262811629284    25    0.7734419291362573    0.5341612713929403    0.021375000856059090    1.24465746354231
0.60    1.8778124022827551    25    0.7714586022431459    0.5247588947170175    0.020998755290796090    1.2575645484923061
0.62    1.9387263754205588    25    0.7698767842018696    0.5152791062525285    0.020619412014906188    1.2700487029187408
0.64    2.0034314043021477    25    0.7686997984926806    0.5057529755944014    0.020238214309498960    1.282171386238947
0.66    2.0722122898950746    25    0.7679306501163781    0.4962100830230568    0.019856345859265100    1.2940012056968957
0.68    2.1453770332054005    25    0.7675718316118721    0.4866789279973533    0.019474947098732764    1.305615698165226
0.70    2.2232584755925453    25    0.7676250937375910    0.4771873041534835    0.019095130218225786    1.3171033064360704
0.72    2.3062159531275280    25    0.7680911765291084    0.4677626459798796    0.018717993036408920    1.3285655807372398
0.74    2.3946369351375430    25    0.7689694967761681    0.4584323507961453    0.018344631884598840    1.3401196374555173
0.76    2.4889386104593707    25    0.7702577887391212    0.4492240780934408    0.017976153585170906    1.3519009079569548
0.78    2.5895693786608502    25    0.7719516963119172    0.4401660266879528    0.017613686542134188    1.364066210869589
0.80    2.6970101985934973    25    0.7740443170866541    0.4312871881477519    0.017258390882262220    1.376797179700814
0.82    2.8117757444344793    25    0.7765257020549916    0.4226175729135152    0.016911467503541278    1.3903040751883569
0.84    2.9344153219298690    25    0.7793823193353804    0.4141884027591537    0.016574165776676086    1.4048300047485716
0.86    3.0655135072452744    25    0.7825964964623201    0.4060322602281685    0.016247789524935996    1.420655560836654
0.88    3.2056904907700360    25    0.7861458636063757    0.3981831819170914    0.015933700756985747    1.4381038720269068
0.90    3.3556021416076530    25    0.7900028294972923    0.3906766781877698    0.015633320455692380    1.4575460337219452
0.92    3.5159398582935520    25    0.7941341323994364    0.3835496571530958    0.015348125536337688    1.4794068466578947
0.94    3.6874303393726420    25    0.7985005193758041    0.3768402257791194    0.015079640887519119    1.504170737300494
0.96    3.8708354931683640    25    0.8030566167149761    0.3705873365363720    0.014829425231546844    1.5323876638406453
0.98    4.0669528049905300    25    0.8077510606187569    0.3648302448418229    0.014599049413437648    1.5646787222120029
1.00    4.2766165820674020    25    0.8125269570880790    0.3596077425109782    0.014390065726729186    1.6017410636727933
1.03    4.6184350895081810    25    0.8197078524119726    0.3528572370146113    0.014119937455566056    1.668002628856052
1.06    4.9958515973980920    25    0.8267122615698177    0.3475054161037588    0.013905778955732029    1.7497333921958376
1.09    5.4122940306602490    25    0.8333165296008688    0.3436383156670883    0.013751033039898886    1.8503009218760331
