  1.00000000E-02  1.85000000E-02  3.88500000E-01
  1.10000000E-01  1.67303725E-02  3.86072846E-01
  2.10000000E-01  1.23739186E-02  3.79943548E-01
  3.10000000E-01  7.48473901E-03  3.72193557E-01
  4.10000000E-01  3.70265998E-03  3.64492295E-01
  5.10000000E-01  1.49802398E-03  3.57350188E-01
  6.10000000E-01  4.95668660E-04  3.50442238E-01
  7.10000000E-01  1.34131851E-04  3.43266515E-01
  8.10000000E-01  2.96852111E-05  3.35507300E-01
  9.10000000E-01  5.37299115E-06  3.27063075E-01
  1.01000000E+00  7.95352908E-07  3.17955108E-01
  1.11000000E+00  9.62878265E-08  3.08254111E-01
  1.21000000E+00  9.53346237E-09  2.98046849E-01
  1.31000000E+00  7.71965147E-10  2.87424762E-01
  1.41000000E+00  5.11225481E-11  2.76480136E-01
  1.51000000E+00  2.76882211E-12  2.65304143E-01
  1.61000000E+00  1.22643738E-13  2.53985289E-01
  1.71000000E+00  4.44286858E-15  2.42608004E-01
  1.81000000E+00  1.31628314E-16  2.31251405E-01
  1.91000000E+00  3.18935550E-18  2.19988256E-01
  2.01000000E+00  6.32010520E-20  2.08884156E-01
  2.11000000E+00  1.02426763E-21  1.97996987E-01
  2.21000000E+00  1.35759537E-23  1.87376610E-01
  2.31000000E+00  1.47161774E-25  1.77064808E-01
  2.41000000E+00  1.30463024E-27  1.67095460E-01
  2.51000000E+00  9.45905243E-30  1.57494895E-01
  2.61000000E+00  5.60887274E-32  1.48282406E-01
  2.71000000E+00  2.72001503E-34  1.39470866E-01
  2.81000000E+00  1.07878471E-36  1.31067419E-01
  2.91000000E+00  3.49917792E-39  1.23074203E-01
  3.01000000E+00  9.28250156E-42  1.15489071E-01
  3.11000000E+00  2.01387170E-44  1.08306294E-01
  3.21000000E+00  3.57327409E-47  1.01517213E-01
  3.31000000E+00  5.18523715E-50  9.51108437E-02
  3.41000000E+00  6.15373346E-53  8.90744108E-02
  3.51000000E+00  5.97277976E-56  8.33938246E-02
  3.61000000E+00  4.74113240E-59  7.80540867E-02
  3.71000000E+00  3.07790655E-62  7.30396357E-02
  3.81000000E+00  1.63416738E-65  6.83346352E-02
  3.91000000E+00  7.09586606E-69  6.39232091E-02
  4.01000000E+00  2.51989267E-72  5.97896311E-02
  4.11000000E+00  7.31857354E-76  5.59184738E-02
  4.21000000E+00  1.73835552E-79  5.22947233E-02
  4.31000000E+00  3.37690252E-83  4.89038643E-02
  4.41000000E+00  5.36495656E-87  4.57319411E-02
  4.51000000E+00  6.97078453E-91  4.27655986E-02
  4.61000000E+00  7.40738419E-95  3.99921064E-02
  4.71000000E+00  6.43747929E-99  3.73993703E-02
  4.81000000E+00  4.57545810-103  3.49759331E-02
  4.91000000E+00  2.65962914-107  3.27109673E-02
  5.01000000E+00  1.26437339-111  3.05942619E-02
  5.11000000E+00  4.91583585-116  2.86162040E-02
  5.21000000E+00  1.56310143-120  2.67677578E-02
  5.31000000E+00  4.06485177-125  2.50404406E-02
  5.41000000E+00  8.64510014-130  2.34262978E-02
  5.51000000E+00  1.50370660-134  2.19178772E-02
  5.61000000E+00  2.13906483-139  2.05082023E-02
  5.71000000E+00  2.48858541-144  1.91907469E-02
  5.81000000E+00  2.36782126-149  1.79594092E-02
  5.91000000E+00  1.84252354-154  1.68084868E-02
  6.01000000E+00  1.17258663-159  1.57326528E-02
  6.11000000E+00  6.10301719-165  1.47269325E-02
  6.21000000E+00  2.59783768-170  1.37866818E-02
  6.31000000E+00  9.04372175-176  1.29075655E-02
  6.41000000E+00  2.57483934-181  1.20855377E-02
  6.51000000E+00  5.99543698-187  1.13168232E-02
  6.61000000E+00  1.14171922-192  1.05978991E-02
  6.71000000E+00  1.77813833-198  9.92547877E-03
  6.81000000E+00  2.26485050-204  9.29649575E-03
  6.91000000E+00  2.35928984-210  8.70808907E-03
  7.01000000E+00  2.00997576-216  8.15758947E-03
  7.11000000E+00  1.40045160-222  7.64250653E-03
  7.21000000E+00  7.98018851-229  7.16051653E-03
  7.31000000E+00  3.71899813-235  6.70945120E-03
  7.41000000E+00  1.41744603-241  6.28728721E-03
  7.51000000E+00  4.41829662-248  5.89213630E-03
  7.61000000E+00  1.12634378-254  5.52223616E-03
  7.71000000E+00  2.34830676-261  5.17594183E-03
  7.81000000E+00  4.00411418-268  4.85171781E-03
  7.91000000E+00  5.58374839-275  4.54813058E-03
  8.01000000E+00  6.36814568-282  4.26384172E-03
  8.11000000E+00  5.93974640-289  3.99760146E-03
  8.21000000E+00  4.53096366-296  3.74824268E-03
  8.31000000E+00  2.82670845-303  3.51467534E-03
  8.41000000E+00  0.00000000E+00  3.29588124E-03
  8.51000000E+00  0.00000000E+00  3.09090924E-03
  8.61000000E+00  0.00000000E+00  2.89887069E-03
  8.71000000E+00  0.00000000E+00  2.71893525E-03
  8.81000000E+00  0.00000000E+00  2.55032698E-03
  8.91000000E+00  0.00000000E+00  2.39232070E-03
  9.01000000E+00  0.00000000E+00  2.24423859E-03
  9.11000000E+00  0.00000000E+00  2.10544700E-03
  9.21000000E+00  0.00000000E+00  1.97535356E-03
  9.31000000E+00  0.00000000E+00  1.85340438E-03
  9.41000000E+00  0.00000000E+00  1.73908152E-03
  9.51000000E+00  0.00000000E+00  1.63190062E-03
  9.61000000E+00  0.00000000E+00  1.53140862E-03
  9.71000000E+00  0.00000000E+00  1.43718176E-03
  9.81000000E+00  0.00000000E+00  1.34882361E-03
  9.91000000E+00  0.00000000E+00  1.26596324E-03
  1.00100000E+01  0.00000000E+00  1.18825363E-03
  1.01100000E+01  0.00000000E+00  1.11537001E-03
  1.02100000E+01  0.00000000E+00  1.04700844E-03
  1.03100000E+01  0.00000000E+00  9.82884469E-04
  1.04100000E+01  0.00000000E+00  9.22731812E-04
  1.05100000E+01  0.00000000E+00  8.66301206E-04
  1.06100000E+01  0.00000000E+00  8.13359282E-04
  1.07100000E+01  0.00000000E+00  7.63687538E-04
  1.08100000E+01  0.00000000E+00  7.17081371E-04
  1.09100000E+01  0.00000000E+00  6.73349181E-04
  1.10100000E+01  0.00000000E+00  6.32311522E-04
  1.11100000E+01  0.00000000E+00  5.93800322E-04
  1.12100000E+01  0.00000000E+00  5.57658150E-04
  1.13100000E+01  0.00000000E+00  5.23737525E-04
  1.14100000E+01  0.00000000E+00  4.91900284E-04
  1.15100000E+01  0.00000000E+00  4.62016973E-04
  1.16100000E+01  0.00000000E+00  4.33966299E-04
  1.17100000E+01  0.00000000E+00  4.07634600E-04
  1.18100000E+01  0.00000000E+00  3.82915359E-04
  1.19100000E+01  0.00000000E+00  3.59708748E-04
  1.20100000E+01  0.00000000E+00  3.37921202E-04
  1.21100000E+01  0.00000000E+00  3.17465017E-04
  1.22100000E+01  0.00000000E+00  2.98257980E-04
  1.23100000E+01  0.00000000E+00  2.80223018E-04
  1.24100000E+01  0.00000000E+00  2.63287873E-04
  1.25100000E+01  0.00000000E+00  2.47384798E-04
  1.26100000E+01  0.00000000E+00  2.32450266E-04
  1.27100000E+01  0.00000000E+00  2.18424711E-04
  1.28100000E+01  0.00000000E+00  2.05252269E-04
  1.29100000E+01  0.00000000E+00  1.92880553E-04
  1.30100000E+01  0.00000000E+00  1.81260427E-04
  1.31100000E+01  0.00000000E+00  1.70345807E-04
  1.32100000E+01  0.00000000E+00  1.60093462E-04
  1.33100000E+01  0.00000000E+00  1.50462843E-04
  1.34100000E+01  0.00000000E+00  1.41415908E-04
  1.35100000E+01  0.00000000E+00  1.32916969E-04
  1.36100000E+01  0.00000000E+00  1.24932543E-04
  1.37100000E+01  0.00000000E+00  1.17431212E-04
  1.38100000E+01  0.00000000E+00  1.10383498E-04
  1.39100000E+01  0.00000000E+00  1.03761740E-04
  1.40100000E+01  0.00000000E+00  9.75399792E-05
  1.41100000E+01  0.00000000E+00  9.16938560E-05
  1.42100000E+01  0.00000000E+00  8.62005074E-05
  1.43100000E+01  0.00000000E+00  8.10384757E-05
  1.44100000E+01  0.00000000E+00  7.61876206E-05
  1.45100000E+01  0.00000000E+00  7.16290378E-05
  1.46100000E+01  0.00000000E+00  6.73449816E-05
  1.47100000E+01  0.00000000E+00  6.33187938E-05
  1.48100000E+01  0.00000000E+00  5.95348361E-05
  1.49100000E+01  0.00000000E+00  5.59784268E-05
  1.50100000E+01  0.00000000E+00  5.26357820E-05
  1.51100000E+01  0.00000000E+00  4.94939598E-05
  1.52100000E+01  0.00000000E+00  4.65408088E-05
  1.53100000E+01  0.00000000E+00  4.37649187E-05
  1.54100000E+01  0.00000000E+00  4.11555752E-05
  1.55100000E+01  0.00000000E+00  3.87027169E-05
  1.56100000E+01  0.00000000E+00  3.63968952E-05
  1.57100000E+01  0.00000000E+00  3.42292364E-05
  1.58100000E+01  0.00000000E+00  3.21914067E-05
  1.59100000E+01  0.00000000E+00  3.02755790E-05
  1.60100000E+01  0.00000000E+00  2.84744014E-05
  1.61100000E+01  0.00000000E+00  2.67809688E-05
  1.62100000E+01  0.00000000E+00  2.51887947E-05
  1.63100000E+01  0.00000000E+00  2.36917865E-05
  1.64100000E+01  0.00000000E+00  2.22842203E-05
  1.65100000E+01  0.00000000E+00  2.09607195E-05
  1.66100000E+01  0.00000000E+00  1.97162328E-05
  1.67100000E+01  0.00000000E+00  1.85460144E-05
  1.68100000E+01  0.00000000E+00  1.74456059E-05
  1.69100000E+01  0.00000000E+00  1.64108181E-05
  1.70100000E+01  0.00000000E+00  1.54377151E-05
  1.71100000E+01  0.00000000E+00  1.45225985E-05
  1.72100000E+01  0.00000000E+00  1.36619933E-05
  1.73100000E+01  0.00000000E+00  1.28526341E-05
  1.74100000E+01  0.00000000E+00  1.20914523E-05
  1.75100000E+01  0.00000000E+00  1.13755643E-05
  1.76100000E+01  0.00000000E+00  1.07022601E-05
  1.77100000E+01  0.00000000E+00  1.00689930E-05
  1.78100000E+01  0.00000000E+00  9.47336954E-06
  1.79100000E+01  0.00000000E+00  8.91314016E-06
  1.80100000E+01  0.00000000E+00  8.38619059E-06
  1.81100000E+01  0.00000000E+00  7.89053362E-06
  1.82100000E+01  0.00000000E+00  7.42430141E-06
  1.83100000E+01  0.00000000E+00  6.98573829E-06
  1.84100000E+01  0.00000000E+00  6.57319392E-06
  1.85100000E+01  0.00000000E+00  6.18511699E-06
  1.86100000E+01  0.00000000E+00  5.82004921E-06
  1.87100000E+01  0.00000000E+00  5.47661970E-06
  1.88100000E+01  0.00000000E+00  5.15353972E-06
  1.89100000E+01  0.00000000E+00  4.84959769E-06
  1.90100000E+01  0.00000000E+00  4.56365458E-06
  1.91100000E+01  0.00000000E+00  4.29463952E-06
  1.92100000E+01  0.00000000E+00  4.04154568E-06
  1.93100000E+01  0.00000000E+00  3.80342646E-06
  1.94100000E+01  0.00000000E+00  3.57939180E-06
  1.95100000E+01  0.00000000E+00  3.36860485E-06
  1.96100000E+01  0.00000000E+00  3.17027872E-06
  1.97100000E+01  0.00000000E+00  2.98367351E-06
  1.98100000E+01  0.00000000E+00  2.80809346E-06
  1.99100000E+01  0.00000000E+00  2.64288433E-06
  2.00100000E+01  0.00000000E+00  2.48743089E-06
  2.01100000E+01  0.00000000E+00  2.34115459E-06
  2.02100000E+01  0.00000000E+00  2.20351134E-06
  2.03100000E+01  0.00000000E+00  2.07398949E-06
  2.04100000E+01  0.00000000E+00  1.95210783E-06
  2.05100000E+01  0.00000000E+00  1.83741381E-06
  2.06100000E+01  0.00000000E+00  1.72948180E-06
  2.07100000E+01  0.00000000E+00  1.62791150E-06
  2.08100000E+01  0.00000000E+00  1.53232641E-06
  2.09100000E+01  0.00000000E+00  1.44237241E-06
  2.10100000E+01  0.00000000E+00  1.35771643E-06
  2.11100000E+01  0.00000000E+00  1.27804517E-06
  2.12100000E+01  0.00000000E+00  1.20306396E-06
  2.13100000E+01  0.00000000E+00  1.13249561E-06
  2.14100000E+01  0.00000000E+00  1.06607938E-06
  2.15100000E+01  0.00000000E+00  1.00357001E-06
  2.16100000E+01  0.00000000E+00  9.44736769E-07
  2.17100000E+01  0.00000000E+00  8.89362621E-07
  2.18100000E+01  0.00000000E+00  8.37243392E-07
  2.19100000E+01  0.00000000E+00  7.88187003E-07
  2.20100000E+01  0.00000000E+00  7.42012755E-07
  2.21100000E+01  0.00000000E+00  6.98550651E-07
  2.22100000E+01  0.00000000E+00  6.57640754E-07
  2.23100000E+01  0.00000000E+00  6.19132595E-07
  2.24100000E+01  0.00000000E+00  5.82884608E-07
  2.25100000E+01  0.00000000E+00  5.48763597E-07
  2.26100000E+01  0.00000000E+00  5.16644245E-07
  2.27100000E+01  0.00000000E+00  4.86408639E-07
  2.28100000E+01  0.00000000E+00  4.57945836E-07
  2.29100000E+01  0.00000000E+00  4.31151445E-07
  2.30100000E+01  0.00000000E+00  4.05927240E-07
  2.31100000E+01  0.00000000E+00  3.82180794E-07
  2.32100000E+01  0.00000000E+00  3.59825134E-07
  2.33100000E+01  0.00000000E+00  3.38778420E-07
  2.34100000E+01  0.00000000E+00  3.18963636E-07
  2.35100000E+01  0.00000000E+00  3.00308308E-07
  2.36100000E+01  0.00000000E+00  2.82744234E-07
  2.37100000E+01  0.00000000E+00  2.66207228E-07
  2.38100000E+01  0.00000000E+00  2.50636887E-07
  2.39100000E+01  0.00000000E+00  2.35976362E-07
  2.40100000E+01  0.00000000E+00  2.22172150E-07
  2.41100000E+01  0.00000000E+00  2.09173896E-07
  2.42100000E+01  0.00000000E+00  1.96934205E-07
  2.43100000E+01  0.00000000E+00  1.85408469E-07
  2.44100000E+01  0.00000000E+00  1.74554700E-07
  2.45100000E+01  0.00000000E+00  1.64333375E-07
  2.46100000E+01  0.00000000E+00  1.54707292E-07
  2.47100000E+01  0.00000000E+00  1.45641429E-07
  2.48100000E+01  0.00000000E+00  1.37102820E-07
  2.49100000E+01  0.00000000E+00  1.29060428E-07
  2.50100000E+01  0.00000000E+00  1.21485034E-07
  2.51100000E+01  0.00000000E+00  1.14349130E-07
  2.52100000E+01  0.00000000E+00  1.07626815E-07
  2.53100000E+01  0.00000000E+00  1.01293700E-07
  2.54100000E+01  0.00000000E+00  9.53268206E-08
  2.55100000E+01  0.00000000E+00  8.97045516E-08
  2.56100000E+01  0.00000000E+00  8.44065265E-08
  2.57100000E+01  0.00000000E+00  7.94135640E-08
  2.58100000E+01  0.00000000E+00  7.47075969E-08
  2.59100000E+01  0.00000000E+00  7.02716063E-08
  2.60100000E+01  0.00000000E+00  6.60895592E-08
  2.61100000E+01  0.00000000E+00  6.21463495E-08
  2.62100000E+01  0.00000000E+00  5.84277429E-08
  2.63100000E+01  0.00000000E+00  5.49203250E-08
  2.64100000E+01  0.00000000E+00  5.16114520E-08
  2.65100000E+01  0.00000000E+00  4.84892047E-08
  2.66100000E+01  0.00000000E+00  4.55423449E-08
  2.67100000E+01  0.00000000E+00  4.27602745E-08
  2.68100000E+01  0.00000000E+00  4.01329969E-08
  2.69100000E+01  0.00000000E+00  3.76510807E-08
  2.70100000E+01  0.00000000E+00  3.53056249E-08
  2.71100000E+01  0.00000000E+00  3.30882273E-08
  2.72100000E+01  0.00000000E+00  3.09909534E-08
  2.73100000E+01  0.00000000E+00  2.90063078E-08
  2.74100000E+01  0.00000000E+00  2.71272073E-08
  2.75100000E+01  0.00000000E+00  2.53469550E-08
  2.76100000E+01  0.00000000E+00  2.36592160E-08
  2.77100000E+01  0.00000000E+00  2.20579948E-08
  2.78100000E+01  0.00000000E+00  2.05376137E-08
  2.79100000E+01  0.00000000E+00  1.90926920E-08
  2.80100000E+01  0.00000000E+00  1.77181272E-08
  2.81100000E+01  0.00000000E+00  1.64090764E-08
  2.82100000E+01  0.00000000E+00  1.51609388E-08
  2.83100000E+01  0.00000000E+00  1.39693397E-08
  2.84100000E+01  0.00000000E+00  1.28301146E-08
  2.85100000E+01  0.00000000E+00  1.17392945E-08
  2.86100000E+01  0.00000000E+00  1.06930919E-08
  2.87100000E+01  0.00000000E+00  9.68788727E-09
  2.88100000E+01  0.00000000E+00  8.72021630E-09
  2.89100000E+01  0.00000000E+00  7.78675788E-09
  2.90100000E+01  0.00000000E+00  6.88432237E-09
  2.91100000E+01  0.00000000E+00  6.00984048E-09
  2.92100000E+01  0.00000000E+00  5.16035266E-09
  2.93100000E+01  0.00000000E+00  4.33299879E-09
  2.94100000E+01  0.00000000E+00  3.52500841E-09
  2.95100000E+01  0.00000000E+00  2.73369118E-09
  2.96100000E+01  0.00000000E+00  1.95642773E-09
  2.97100000E+01  0.00000000E+00  1.19066079E-09
  2.98100000E+01  0.00000000E+00  4.33886524E-10
  2.99100000E+01  0.00000000E+00 -3.16353816E-10
