  1.00000000E-02  1.00000000E+00  8.73173213E-01  1.00000000E-01
  1.70000000E-01  1.00010350E+00  8.73227440E-01  9.99281727E-02
  3.30000000E-01  1.00038926E+00  8.73378653E-01  9.97276931E-02
  4.90000000E-01  1.00085539E+00  8.73625930E-01  9.93999282E-02
  6.50000000E-01  1.00149826E+00  8.73968220E-01  9.89463935E-02
  8.10000000E-01  1.00231287E+00  8.74404077E-01  9.83691698E-02
  9.70000000E-01  1.00329289E+00  8.74931670E-01  9.76708922E-02
  1.13000000E+00  1.00443078E+00  8.75548797E-01  9.68547300E-02
  1.29000000E+00  1.00571778E+00  8.76252902E-01  9.59243623E-02
  1.45000000E+00  1.00714408E+00  8.77041093E-01  9.48839487E-02
  1.61000000E+00  1.00869885E+00  8.77910168E-01  9.37380971E-02
  1.77000000E+00  1.01037042E+00  8.78856635E-01  9.24918273E-02
  1.93000000E+00  1.01214637E+00  8.79876744E-01  9.11505321E-02
  2.09000000E+00  1.01401365E+00  8.80966513E-01  8.97199347E-02
  2.25000000E+00  1.01595875E+00  8.82121758E-01  8.82060449E-02
  2.41000000E+00  1.01796783E+00  8.83338129E-01  8.66151125E-02
  2.57000000E+00  1.02002687E+00  8.84611135E-01  8.49535801E-02
  2.73000000E+00  1.02212179E+00  8.85936185E-01  8.32280344E-02
  2.89000000E+00  1.02423867E+00  8.87308618E-01  8.14451577E-02
  3.05000000E+00  1.02636382E+00  8.88723733E-01  7.96116794E-02
  3.21000000E+00  1.02848395E+00  8.90176829E-01  7.77343291E-02
  3.37000000E+00  1.03058631E+00  8.91663228E-01  7.58197898E-02
  3.53000000E+00  1.03265878E+00  8.93178311E-01  7.38746546E-02
  3.69000000E+00  1.03469000E+00  8.94717543E-01  7.19053850E-02
  3.85000000E+00  1.03666944E+00  8.96276502E-01  6.99182720E-02
  4.01000000E+00  1.03858751E+00  8.97850901E-01  6.79194013E-02
  4.17000000E+00  1.04043558E+00  8.99436608E-01  6.59146214E-02
  4.33000000E+00  1.04220603E+00  9.01029669E-01  6.39095160E-02
  4.49000000E+00  1.04389229E+00  9.02626321E-01  6.19093804E-02
  4.65000000E+00  1.04548886E+00  9.04223006E-01  5.99192020E-02
  4.81000000E+00  1.04699125E+00  9.05816379E-01  5.79436450E-02
  4.97000000E+00  1.04839603E+00  9.07403320E-01  5.59870390E-02
  5.13000000E+00  1.04970071E+00  9.08980937E-01  5.40533722E-02
  5.29000000E+00  1.05090377E+00  9.10546566E-01  5.21462877E-02
  5.45000000E+00  1.05200456E+00  9.12097773E-01  5.02690837E-02
  5.61000000E+00  1.05300327E+00  9.13632354E-01  4.84247168E-02
  5.77000000E+00  1.05390080E+00  9.15148325E-01  4.66158085E-02
  5.93000000E+00  1.05469874E+00  9.16643922E-01  4.48446539E-02
  6.09000000E+00  1.05539929E+00  9.18117591E-01  4.31132329E-02
  6.25000000E+00  1.05600514E+00  9.19567977E-01  4.14232232E-02
  6.41000000E+00  1.05651946E+00  9.20993921E-01  3.97760149E-02
  6.57000000E+00  1.05694575E+00  9.22394442E-01  3.81727262E-02
  6.73000000E+00  1.05728783E+00  9.23768733E-01  3.66142201E-02
  6.89000000E+00  1.05754975E+00  9.25116143E-01  3.51011214E-02
  7.05000000E+00  1.05773572E+00  9.26436172E-01  3.36338344E-02
  7.21000000E+00  1.05785007E+00  9.27728455E-01  3.22125603E-02
  7.37000000E+00  1.05789719E+00  9.28992753E-01  3.08373148E-02
  7.53000000E+00  1.05788146E+00  9.30228940E-01  2.95079452E-02
  7.69000000E+00  1.05780728E+00  9.31436994E-01  2.82241465E-02
  7.85000000E+00  1.05767893E+00  9.32616986E-01  2.69854783E-02
  8.01000000E+00  1.05750065E+00  9.33769070E-01  2.57913794E-02
  8.17000000E+00  1.05727654E+00  9.34893473E-01  2.46411826E-02
  8.33000000E+00  1.05701054E+00  9.35990487E-01  2.35341283E-02
  8.49000000E+00  1.05670649E+00  9.37060462E-01  2.24693776E-02
  8.65000000E+00  1.05636800E+00  9.38103794E-01  2.14460240E-02
  8.81000000E+00  1.05599856E+00  9.39120924E-01  2.04631045E-02
  8.97000000E+00  1.05560144E+00  9.40112324E-01  1.95196098E-02
  9.13000000E+00  1.05517975E+00  9.41078500E-01  1.86144938E-02
  9.29000000E+00  1.05473639E+00  9.42019978E-01  1.77466819E-02
  9.45000000E+00  1.05427411E+00  9.42937304E-01  1.69150787E-02
  9.61000000E+00  1.05379543E+00  9.43831040E-01  1.61185753E-02
  9.77000000E+00  1.05330273E+00  9.44701755E-01  1.53560551E-02
  9.93000000E+00  1.05279821E+00  9.45550027E-01  1.46263994E-02
  1.00900000E+01  1.05228390E+00  9.46376438E-01  1.39284926E-02
  1.02500000E+01  1.05176165E+00  9.47181570E-01  1.32612263E-02
  1.04100000E+01  1.05123320E+00  9.47966003E-01  1.26235032E-02
  1.05700000E+01  1.05070010E+00  9.48730314E-01  1.20142402E-02
  1.07300000E+01  1.05016379E+00  9.49475075E-01  1.14323714E-02
  1.08900000E+01  1.04962557E+00  9.50200849E-01  1.08768504E-02
  1.10500000E+01  1.04908662E+00  9.50908192E-01  1.03466524E-02
  1.12100000E+01  1.04854801E+00  9.51597651E-01  9.84077590E-03
  1.13700000E+01  1.04801069E+00  9.52269760E-01  9.35824388E-03
  1.15300000E+01  1.04747553E+00  9.52925045E-01  8.89810505E-03
  1.16900000E+01  1.04694328E+00  9.53564016E-01  8.45943461E-03
  1.18500000E+01  1.04641465E+00  9.54187174E-01  8.04133487E-03
  1.20100000E+01  1.04589021E+00  9.54795006E-01  7.64293567E-03
  1.21700000E+01  1.04537052E+00  9.55387987E-01  7.26339460E-03
  1.23300000E+01  1.04485602E+00  9.55966576E-01  6.90189709E-03
  1.24900000E+01  1.04434712E+00  9.56531222E-01  6.55765636E-03
  1.26500000E+01  1.04384417E+00  9.57082358E-01  6.22991320E-03
  1.28100000E+01  1.04334746E+00  9.57620407E-01  5.91793577E-03
  1.29700000E+01  1.04285724E+00  9.58145777E-01  5.62101921E-03
  1.31300000E+01  1.04237371E+00  9.58658862E-01  5.33848518E-03
  1.32900000E+01  1.04189704E+00  9.59160045E-01  5.06968140E-03
  1.34500000E+01  1.04142736E+00  9.59649697E-01  4.81398110E-03
  1.36100000E+01  1.04096478E+00  9.60128174E-01  4.57078240E-03
  1.37700000E+01  1.04050936E+00  9.60595824E-01  4.33950773E-03
  1.39300000E+01  1.04006115E+00  9.61052979E-01  4.11960315E-03
  1.40900000E+01  1.03962018E+00  9.61499962E-01  3.91053770E-03
  1.42500000E+01  1.03918645E+00  9.61937086E-01  3.71180269E-03
  1.44100000E+01  1.03875994E+00  9.62364651E-01  3.52291106E-03
  1.45700000E+01  1.03834064E+00  9.62782946E-01  3.34339659E-03
  1.47300000E+01  1.03792848E+00  9.63192254E-01  3.17281331E-03
  1.48900000E+01  1.03752343E+00  9.63592843E-01  3.01073471E-03
  1.50500000E+01  1.03712541E+00  9.63984975E-01  2.85675312E-03
  1.52100000E+01  1.03673434E+00  9.64368901E-01  2.71047897E-03
  1.53700000E+01  1.03635014E+00  9.64744865E-01  2.57154016E-03
  1.55300000E+01  1.03597273E+00  9.65113101E-01  2.43958137E-03
  1.56900000E+01  1.03560200E+00  9.65473834E-01  2.31426341E-03
  1.58500000E+01  1.03523785E+00  9.65827283E-01  2.19526261E-03
  1.60100000E+01  1.03488018E+00  9.66173658E-01  2.08227017E-03
  1.61700000E+01  1.03452888E+00  9.66513162E-01  1.97499159E-03
  1.63300000E+01  1.03418384E+00  9.66845991E-01  1.87314605E-03
  1.64900000E+01  1.03384494E+00  9.67172334E-01  1.77646583E-03
  1.66500000E+01  1.03351207E+00  9.67492374E-01  1.68469583E-03
  1.68100000E+01  1.03318512E+00  9.67806286E-01  1.59759294E-03
  1.69700000E+01  1.03286396E+00  9.68114241E-01  1.51492559E-03
  1.71300000E+01  1.03254849E+00  9.68416402E-01  1.43647322E-03
  1.72900000E+01  1.03223858E+00  9.68712928E-01  1.36202579E-03
  1.74500000E+01  1.03193413E+00  9.69003972E-01  1.29138335E-03
  1.76100000E+01  1.03163501E+00  9.69289682E-01  1.22435556E-03
  1.77700000E+01  1.03134112E+00  9.69570200E-01  1.16076126E-03
  1.79300000E+01  1.03105234E+00  9.69845664E-01  1.10042807E-03
  1.80900000E+01  1.03076857E+00  9.70116208E-01  1.04319200E-03
  1.82500000E+01  1.03048968E+00  9.70381961E-01  9.88897007E-04
  1.84100000E+01  1.03021558E+00  9.70643046E-01  9.37394716E-04
  1.85700000E+01  1.02994616E+00  9.70899584E-01  8.88544000E-04
  1.87300000E+01  1.02968132E+00  9.71151691E-01  8.42210668E-04
  1.88900000E+01  1.02942095E+00  9.71399481E-01  7.98267138E-04
  1.90500000E+01  1.02916496E+00  9.71643061E-01  7.56592125E-04
  1.92100000E+01  1.02891324E+00  9.71882538E-01  7.17070344E-04
  1.93700000E+01  1.02866570E+00  9.72118013E-01  6.79592229E-04
  1.95300000E+01  1.02842225E+00  9.72349585E-01  6.44053657E-04
  1.96900000E+01  1.02818280E+00  9.72577349E-01  6.10355689E-04
  1.98500000E+01  1.02794725E+00  9.72801398E-01  5.78404323E-04
  2.00100000E+01  1.02771552E+00  9.73021821E-01  5.48110255E-04
  2.01700000E+01  1.02748752E+00  9.73238705E-01  5.19388656E-04
  2.03300000E+01  1.02726317E+00  9.73452135E-01  4.92158948E-04
  2.04900000E+01  1.02704239E+00  9.73662191E-01  4.66344606E-04
  2.06500000E+01  1.02682510E+00  9.73868952E-01  4.41872956E-04
  2.08100000E+01  1.02661122E+00  9.74072496E-01  4.18674986E-04
  2.09700000E+01  1.02640067E+00  9.74272897E-01  3.96685171E-04
  2.11300000E+01  1.02619339E+00  9.74470226E-01  3.75841297E-04
  2.12900000E+01  1.02598929E+00  9.74664553E-01  3.56084302E-04
  2.14500000E+01  1.02578832E+00  9.74855945E-01  3.37358120E-04
  2.16100000E+01  1.02559040E+00  9.75044470E-01  3.19609528E-04
  2.17700000E+01  1.02539546E+00  9.75230190E-01  3.02788014E-04
  2.19300000E+01  1.02520344E+00  9.75413168E-01  2.86845634E-04
  2.20900000E+01  1.02501429E+00  9.75593463E-01  2.71736887E-04
  2.22500000E+01  1.02482792E+00  9.75771135E-01  2.57418598E-04
  2.24100000E+01  1.02464430E+00  9.75946239E-01  2.43849794E-04
  2.25700000E+01  1.02446335E+00  9.76118831E-01  2.30991599E-04
  2.27300000E+01  1.02428502E+00  9.76288965E-01  2.18807127E-04
  2.28900000E+01  1.02410927E+00  9.76456692E-01  2.07261382E-04
  2.30500000E+01  1.02393602E+00  9.76622063E-01  1.96321165E-04
  2.32100000E+01  1.02376523E+00  9.76785128E-01  1.85954981E-04
  2.33700000E+01  1.02359685E+00  9.76945935E-01  1.76132955E-04
  2.35300000E+01  1.02343083E+00  9.77104529E-01  1.66826747E-04
  2.36900000E+01  1.02326713E+00  9.77260956E-01  1.58009478E-04
  2.38500000E+01  1.02310568E+00  9.77415260E-01  1.49655654E-04
  2.40100000E+01  1.02294646E+00  9.77567485E-01  1.41741098E-04
  2.41700000E+01  1.02278940E+00  9.77717671E-01  1.34242879E-04
  2.43300000E+01  1.02263448E+00  9.77865860E-01  1.27139252E-04
  2.44900000E+01  1.02248164E+00  9.78012091E-01  1.20409596E-04
  2.46500000E+01  1.02233085E+00  9.78156402E-01  1.14034358E-04
  2.48100000E+01  1.02218206E+00  9.78298832E-01  1.07994997E-04
  2.49700000E+01  1.02203524E+00  9.78439416E-01  1.02273934E-04
  2.51300000E+01  1.02189035E+00  9.78578191E-01  9.68545012E-05
  2.52900000E+01  1.02174735E+00  9.78715190E-01  9.17208957E-05
  2.54500000E+01  1.02160620E+00  9.78850448E-01  8.68581359E-05
  2.56100000E+01  1.02146686E+00  9.78983998E-01  8.22520186E-05
  2.57700000E+01  1.02132931E+00  9.79115872E-01  7.78890795E-05
  2.59300000E+01  1.02119351E+00  9.79246101E-01  7.37565548E-05
  2.60900000E+01  1.02105943E+00  9.79374716E-01  6.98423456E-05
  2.62500000E+01  1.02092703E+00  9.79501746E-01  6.61349833E-05
  2.64100000E+01  1.02079629E+00  9.79627222E-01  6.26235971E-05
  2.65700000E+01  1.02066716E+00  9.79751170E-01  5.92978836E-05
  2.67300000E+01  1.02053963E+00  9.79873619E-01  5.61480770E-05
  2.68900000E+01  1.02041366E+00  9.79994596E-01  5.31649214E-05
  2.70500000E+01  1.02028923E+00  9.80114128E-01  5.03396447E-05
  2.72100000E+01  1.02016630E+00  9.80232239E-01  4.76639335E-05
  2.73700000E+01  1.02004486E+00  9.80348956E-01  4.51299090E-05
  2.75300000E+01  1.01992486E+00  9.80464302E-01  4.27301049E-05
  2.76900000E+01  1.01980630E+00  9.80578302E-01  4.04574458E-05
  2.78500000E+01  1.01968913E+00  9.80690979E-01  3.83052268E-05
  2.80100000E+01  1.01957335E+00  9.80802356E-01  3.62670946E-05
  2.81700000E+01  1.01945891E+00  9.80912455E-01  3.43370289E-05
  2.83300000E+01  1.01934581E+00  9.81021299E-01  3.25093252E-05
  2.84900000E+01  1.01923401E+00  9.81128909E-01  3.07785785E-05
  2.86500000E+01  1.01912350E+00  9.81235304E-01  2.91396673E-05
  2.88100000E+01  1.01901425E+00  9.81340507E-01  2.75877393E-05
  2.89700000E+01  1.01890625E+00  9.81444537E-01  2.61181973E-05
  2.91300000E+01  1.01879946E+00  9.81547413E-01  2.47266854E-05
  2.92900000E+01  1.01869387E+00  9.81649154E-01  2.34090772E-05
  2.94500000E+01  1.01858946E+00  9.81749780E-01  2.21614629E-05
  2.96100000E+01  1.01848621E+00  9.81849308E-01  2.09801390E-05
  2.97700000E+01  1.01838410E+00  9.81947756E-01  1.98615966E-05
  2.99300000E+01  1.01828311E+00  9.82045142E-01  1.88025118E-05
  3.00900000E+01  1.01818323E+00  9.82141483E-01  1.77997356E-05
  3.02500000E+01  1.01808443E+00  9.82236795E-01  1.68502853E-05
  3.04100000E+01  1.01798670E+00  9.82331096E-01  1.59513352E-05
  3.05700000E+01  1.01789002E+00  9.82424400E-01  1.51002088E-05
  3.07300000E+01  1.01779437E+00  9.82516724E-01  1.42943708E-05
  3.08900000E+01  1.01769974E+00  9.82608083E-01  1.35314195E-05
  3.10500000E+01  1.01760611E+00  9.82698492E-01  1.28090802E-05
  3.12100000E+01  1.01751347E+00  9.82787966E-01  1.21251984E-05
  3.13700000E+01  1.01742180E+00  9.82876519E-01  1.14777331E-05
  3.15300000E+01  1.01733108E+00  9.82964166E-01  1.08647515E-05
  3.16900000E+01  1.01724130E+00  9.83050920E-01  1.02844228E-05
  3.18500000E+01  1.01715245E+00  9.83136794E-01  9.73501305E-06
  3.20100000E+01  1.01706450E+00  9.83221803E-01  9.21487993E-06
  3.21700000E+01  1.01697746E+00  9.83305959E-01  8.72246809E-06
  3.23300000E+01  1.01689130E+00  9.83389275E-01  8.25630448E-06
  3.24900000E+01  1.01680601E+00  9.83471764E-01  7.81499400E-06
  3.26500000E+01  1.01672157E+00  9.83553437E-01  7.39721543E-06
  3.28100000E+01  1.01663798E+00  9.83634307E-01  7.00171755E-06
  3.29700000E+01  1.01655522E+00  9.83714385E-01  6.62731540E-06
  3.31300000E+01  1.01647329E+00  9.83793684E-01  6.27288682E-06
  3.32900000E+01  1.01639215E+00  9.83872214E-01  5.93736912E-06
  3.34500000E+01  1.01631182E+00  9.83949986E-01  5.61975597E-06
  3.36100000E+01  1.01623226E+00  9.84027012E-01  5.31909439E-06
  3.37700000E+01  1.01615348E+00  9.84103303E-01  5.03448196E-06
  3.39300000E+01  1.01607546E+00  9.84178868E-01  4.76506413E-06
  3.40900000E+01  1.01599819E+00  9.84253717E-01  4.51003170E-06
  3.42500000E+01  1.01592166E+00  9.84327862E-01  4.26861842E-06
  3.44100000E+01  1.01584586E+00  9.84401312E-01  4.04009872E-06
  3.45700000E+01  1.01577078E+00  9.84474077E-01  3.82378557E-06
  3.47300000E+01  1.01569640E+00  9.84546165E-01  3.61902843E-06
  3.48900000E+01  1.01562273E+00  9.84617588E-01  3.42521130E-06
  3.50500000E+01  1.01554974E+00  9.84688353E-01  3.24175094E-06
  3.52100000E+01  1.01547743E+00  9.84758470E-01  3.06809508E-06
  3.53700000E+01  1.01540579E+00  9.84827948E-01  2.90372082E-06
  3.55300000E+01  1.01533481E+00  9.84896795E-01  2.74813307E-06
  3.56900000E+01  1.01526448E+00  9.84965020E-01  2.60086305E-06
  3.58500000E+01  1.01519479E+00  9.85032632E-01  2.46146692E-06
  3.60100000E+01  1.01512574E+00  9.85099638E-01  2.32952446E-06
  3.61700000E+01  1.01505731E+00  9.85166047E-01  2.20463778E-06
  3.63300000E+01  1.01498950E+00  9.85231866E-01  2.08643021E-06
  3.64900000E+01  1.01492230E+00  9.85297104E-01  1.97454507E-06
  3.66500000E+01  1.01485569E+00  9.85361768E-01  1.86864472E-06
  3.68100000E+01  1.01478968E+00  9.85425866E-01  1.76840946E-06
  3.69700000E+01  1.01472425E+00  9.85489405E-01  1.67353663E-06
  3.71300000E+01  1.01465940E+00  9.85552392E-01  1.58373969E-06
  3.72900000E+01  1.01459512E+00  9.85614835E-01  1.49874734E-06
  3.74500000E+01  1.01453140E+00  9.85676740E-01  1.41830276E-06
  3.76100000E+01  1.01446823E+00  9.85738115E-01  1.34216280E-06
  3.77700000E+01  1.01440561E+00  9.85798966E-01  1.27009726E-06
  3.79300000E+01  1.01434353E+00  9.85859299E-01  1.20188822E-06
  3.80900000E+01  1.01428198E+00  9.85919123E-01  1.13732936E-06
  3.82500000E+01  1.01422096E+00  9.85978442E-01  1.07622536E-06
  3.84100000E+01  1.01416046E+00  9.86037263E-01  1.01839132E-06
  3.85700000E+01  1.01410047E+00  9.86095593E-01  9.63652186E-07
  3.87300000E+01  1.01404098E+00  9.86153438E-01  9.11842245E-07
  3.88900000E+01  1.01398200E+00  9.86210803E-01  8.62804610E-07
  3.90500000E+01  1.01392351E+00  9.86267695E-01  8.16390763E-07
  3.92100000E+01  1.01386550E+00  9.86324120E-01  7.72460103E-07
  3.93700000E+01  1.01380798E+00  9.86380082E-01  7.30879524E-07
  3.95300000E+01  1.01375093E+00  9.86435589E-01  6.91523018E-07
  3.96900000E+01  1.01369436E+00  9.86490645E-01  6.54271295E-07
  3.98500000E+01  1.01363824E+00  9.86545255E-01  6.19011422E-07
  4.00100000E+01  1.01358259E+00  9.86599426E-01  5.85636489E-07
  4.01700000E+01  1.01352738E+00  9.86653163E-01  5.54045282E-07
  4.03300000E+01  1.01347263E+00  9.86706470E-01  5.24141983E-07
  4.04900000E+01  1.01341831E+00  9.86759353E-01  4.95835877E-07
  4.06500000E+01  1.01336444E+00  9.86811817E-01  4.69041083E-07
  4.08100000E+01  1.01331099E+00  9.86863867E-01  4.43676296E-07
  4.09700000E+01  1.01325797E+00  9.86915507E-01  4.19664537E-07
  4.11300000E+01  1.01320537E+00  9.86966744E-01  3.96932926E-07
  4.12900000E+01  1.01315318E+00  9.87017580E-01  3.75412462E-07
  4.14500000E+01  1.01310141E+00  9.87068021E-01  3.55037813E-07
  4.16100000E+01  1.01305004E+00  9.87118072E-01  3.35747120E-07
  4.17700000E+01  1.01299907E+00  9.87167737E-01  3.17481810E-07
  4.19300000E+01  1.01294850E+00  9.87217021E-01  3.00186422E-07
  4.20900000E+01  1.01289832E+00  9.87265927E-01  2.83808436E-07
  4.22500000E+01  1.01284853E+00  9.87314461E-01  2.68298119E-07
  4.24100000E+01  1.01279912E+00  9.87362625E-01  2.53608368E-07
  4.25700000E+01  1.01275009E+00  9.87410426E-01  2.39694577E-07
  4.27300000E+01  1.01270144E+00  9.87457866E-01  2.26514494E-07
  4.28900000E+01  1.01265315E+00  9.87504950E-01  2.14028099E-07
  4.30500000E+01  1.01260523E+00  9.87551682E-01  2.02197482E-07
  4.32100000E+01  1.01255767E+00  9.87598066E-01  1.90986727E-07
  4.33700000E+01  1.01251047E+00  9.87644105E-01  1.80361804E-07
  4.35300000E+01  1.01246363E+00  9.87689804E-01  1.70290468E-07
  4.36900000E+01  1.01241713E+00  9.87735166E-01  1.60742159E-07
  4.38500000E+01  1.01237098E+00  9.87780195E-01  1.51687913E-07
  4.40100000E+01  1.01232517E+00  9.87824894E-01  1.43100271E-07
  4.41700000E+01  1.01227969E+00  9.87869267E-01  1.34953200E-07
  4.43300000E+01  1.01223456E+00  9.87913319E-01  1.27222011E-07
  4.44900000E+01  1.01218975E+00  9.87957051E-01  1.19883285E-07
  4.46500000E+01  1.01214527E+00  9.88000468E-01  1.12914806E-07
  4.48100000E+01  1.01210111E+00  9.88043573E-01  1.06295488E-07
  4.49700000E+01  1.01205728E+00  9.88086370E-01  1.00005316E-07
  4.51300000E+01  1.01201376E+00  9.88128861E-01  9.40252856E-08
  4.52900000E+01  1.01197055E+00  9.88171050E-01  8.83373420E-08
  4.54500000E+01  1.01192765E+00  9.88212941E-01  8.29243295E-08
  4.56100000E+01  1.01188506E+00  9.88254536E-01  7.77699379E-08
  4.57700000E+01  1.01184277E+00  9.88295838E-01  7.28586540E-08
  4.59300000E+01  1.01180078E+00  9.88336851E-01  6.81757147E-08
  4.60900000E+01  1.01175909E+00  9.88377577E-01  6.37070631E-08
  4.62500000E+01  1.01171769E+00  9.88418020E-01  5.94393057E-08
  4.64100000E+01  1.01167659E+00  9.88458182E-01  5.53596726E-08
  4.65700000E+01  1.01163577E+00  9.88498067E-01  5.14559795E-08
  4.67300000E+01  1.01159523E+00  9.88537677E-01  4.77165904E-08
  4.68900000E+01  1.01155498E+00  9.88577015E-01  4.41303839E-08
  4.70500000E+01  1.01151500E+00  9.88616084E-01  4.06867190E-08
  4.72100000E+01  1.01147530E+00  9.88654887E-01  3.73754043E-08
  4.73700000E+01  1.01143587E+00  9.88693426E-01  3.41866669E-08
  4.75300000E+01  1.01139672E+00  9.88731704E-01  3.11111240E-08
  4.76900000E+01  1.01135783E+00  9.88769724E-01  2.81397547E-08
  4.78500000E+01  1.01131920E+00  9.88807488E-01  2.52638737E-08
  4.80100000E+01  1.01128084E+00  9.88844999E-01  2.24751054E-08
  4.81700000E+01  1.01124273E+00  9.88882260E-01  1.97653593E-08
  4.83300000E+01  1.01120489E+00  9.88919272E-01  1.71268065E-08
  4.84900000E+01  1.01116729E+00  9.88956039E-01  1.45518565E-08
  4.86500000E+01  1.01112995E+00  9.88992562E-01  1.20331354E-08
  4.88100000E+01  1.01109286E+00  9.89028845E-01  9.56346440E-09
  4.89700000E+01  1.01105601E+00  9.89064889E-01  7.13583870E-09
  4.91300000E+01  1.01101941E+00  9.89100697E-01  4.74340777E-09
  4.92900000E+01  1.01098305E+00  9.89136272E-01  2.37945545E-09
  4.94500000E+01  1.01094692E+00  9.89171615E-01  3.73807722E-11
  4.96100000E+01  1.01091104E+00  9.89206729E-01 -2.28932084E-09
  4.97700000E+01  1.01087539E+00  9.89241615E-01 -4.60707597E-09
  4.99300000E+01  1.01083997E+00  9.89276277E-01 -6.92225141E-09
