  1.00000000E-02  1.00000000E+00  8.61254766E-01  1.10000000E-01
  1.70000000E-01  1.00012625E+00  8.61321247E-01  1.09911727E-01
  3.30000000E-01  1.00047475E+00  8.61506582E-01  1.09665387E-01
  4.90000000E-01  1.00104290E+00  8.61809562E-01  1.09262787E-01
  6.50000000E-01  1.00182584E+00  8.62228758E-01  1.08705988E-01
  8.10000000E-01  1.00281686E+00  8.62762210E-01  1.07997823E-01
  9.70000000E-01  1.00400753E+00  8.63407435E-01  1.07141877E-01
  1.13000000E+00  1.00538772E+00  8.64161451E-01  1.06142455E-01
  1.29000000E+00  1.00694577E+00  8.65020801E-01  1.05004548E-01
  1.45000000E+00  1.00866856E+00  8.65981580E-01  1.03733788E-01
  1.61000000E+00  1.01054174E+00  8.67039472E-01  1.02336402E-01
  1.77000000E+00  1.01254980E+00  8.68189785E-01  1.00819157E-01
  1.93000000E+00  1.01467633E+00  8.69427490E-01  9.91893030E-02
  2.09000000E+00  1.01690415E+00  8.70747262E-01  9.74545091E-02
  2.25000000E+00  1.01921556E+00  8.72143530E-01  9.56228005E-02
  2.41000000E+00  1.02159251E+00  8.73610518E-01  9.37024893E-02
  2.57000000E+00  1.02401683E+00  8.75142295E-01  9.17021051E-02
  2.73000000E+00  1.02647045E+00  8.76732823E-01  8.96303251E-02
  2.89000000E+00  1.02893561E+00  8.78376003E-01  8.74959034E-02
  3.05000000E+00  1.03139505E+00  8.80065726E-01  8.53076022E-02
  3.21000000E+00  1.03383218E+00  8.81795914E-01  8.30741244E-02
  3.37000000E+00  1.03623133E+00  8.83560569E-01  8.08040494E-02
  3.53000000E+00  1.03857782E+00  8.85353810E-01  7.85057724E-02
  3.69000000E+00  1.04085812E+00  8.87169912E-01  7.61874481E-02
  3.85000000E+00  1.04306001E+00  8.89003343E-01  7.38569400E-02
  4.01000000E+00  1.04517258E+00  8.90848793E-01  7.15217745E-02
  4.17000000E+00  1.04718637E+00  8.92701198E-01  6.91891022E-02
  4.33000000E+00  1.04909332E+00  8.94555769E-01  6.68656644E-02
  4.49000000E+00  1.05088687E+00  8.96408005E-01  6.45577670E-02
  4.65000000E+00  1.05256184E+00  8.98253705E-01  6.22712600E-02
  4.81000000E+00  1.05411448E+00  9.00088983E-01  6.00115246E-02
  4.97000000E+00  1.05554233E+00  9.01910269E-01  5.77834647E-02
  5.13000000E+00  1.05684422E+00  9.03714310E-01  5.55915058E-02
  5.29000000E+00  1.05802012E+00  9.05498170E-01  5.34395979E-02
  5.45000000E+00  1.05907105E+00  9.07259225E-01  5.13312241E-02
  5.61000000E+00  1.05999902E+00  9.08995152E-01  4.92694126E-02
  5.77000000E+00  1.06080684E+00  9.10703922E-01  4.72567531E-02
  5.93000000E+00  1.06149807E+00  9.12383782E-01  4.52954155E-02
  6.09000000E+00  1.06207687E+00  9.14033248E-01  4.33871715E-02
  6.25000000E+00  1.06254792E+00  9.15651085E-01  4.15334181E-02
  6.41000000E+00  1.06291628E+00  9.17236291E-01  3.97352023E-02
  6.57000000E+00  1.06318732E+00  9.18788084E-01  3.79932461E-02
  6.73000000E+00  1.06336663E+00  9.20305878E-01  3.63079735E-02
  6.89000000E+00  1.06345991E+00  9.21789276E-01  3.46795352E-02
  7.05000000E+00  1.06347294E+00  9.23238042E-01  3.31078354E-02
  7.21000000E+00  1.06341147E+00  9.24652095E-01  3.15925557E-02
  7.37000000E+00  1.06328119E+00  9.26031487E-01  3.01331802E-02
  7.53000000E+00  1.06308768E+00  9.27376390E-01  2.87290180E-02
  7.69000000E+00  1.06283636E+00  9.28687083E-01  2.73792253E-02
  7.85000000E+00  1.06253248E+00  9.29963936E-01  2.60828260E-02
  8.01000000E+00  1.06218106E+00  9.31207401E-01  2.48387309E-02
  8.17000000E+00  1.06178689E+00  9.32417997E-01  2.36457557E-02
  8.33000000E+00  1.06135454E+00  9.33596303E-01  2.25026375E-02
  8.49000000E+00  1.06088830E+00  9.34742943E-01  2.14080496E-02
  8.65000000E+00  1.06039221E+00  9.35858585E-01  2.03606156E-02
  8.81000000E+00  1.05987006E+00  9.36943926E-01  1.93589216E-02
  8.97000000E+00  1.05932536E+00  9.37999688E-01  1.84015273E-02
  9.13000000E+00  1.05876139E+00  9.39026612E-01  1.74869763E-02
  9.29000000E+00  1.05818118E+00  9.40025449E-01  1.66138047E-02
  9.45000000E+00  1.05758751E+00  9.40996961E-01  1.57805490E-02
  9.61000000E+00  1.05698294E+00  9.41941910E-01  1.49857530E-02
  9.77000000E+00  1.05636981E+00  9.42861059E-01  1.42279735E-02
  9.93000000E+00  1.05575026E+00  9.43755166E-01  1.35057860E-02
  1.00900000E+01  1.05512622E+00  9.44624981E-01  1.28177884E-02
  1.02500000E+01  1.05449945E+00  9.45471247E-01  1.21626053E-02
  1.04100000E+01  1.05387152E+00  9.46294693E-01  1.15388907E-02
  1.05700000E+01  1.05324386E+00  9.47096036E-01  1.09453307E-02
  1.07300000E+01  1.05261773E+00  9.47875979E-01  1.03806455E-02
  1.08900000E+01  1.05199426E+00  9.48635208E-01  9.84359103E-03
  1.10500000E+01  1.05137446E+00  9.49374392E-01  9.33296016E-03
  1.12100000E+01  1.05075922E+00  9.50094184E-01  8.84758349E-03
  1.13700000E+01  1.05014930E+00  9.50795218E-01  8.38632994E-03
  1.15300000E+01  1.04954537E+00  9.51478110E-01  7.94810705E-03
  1.16900000E+01  1.04894804E+00  9.52143459E-01  7.53186100E-03
  1.18500000E+01  1.04835779E+00  9.52791843E-01  7.13657648E-03
  1.20100000E+01  1.04777505E+00  9.53423824E-01  6.76127636E-03
  1.21700000E+01  1.04720018E+00  9.54039944E-01  6.40502120E-03
  1.23300000E+01  1.04663347E+00  9.54640729E-01  6.06690869E-03
  1.24900000E+01  1.04607517E+00  9.55226684E-01  5.74607291E-03
  1.26500000E+01  1.04552546E+00  9.55798299E-01  5.44168357E-03
  1.28100000E+01  1.04498448E+00  9.56356047E-01  5.15294516E-03
  1.29700000E+01  1.04445235E+00  9.56900382E-01  4.87909603E-03
  1.31300000E+01  1.04392913E+00  9.57431745E-01  4.61940740E-03
  1.32900000E+01  1.04341484E+00  9.57950557E-01  4.37318244E-03
  1.34500000E+01  1.04290951E+00  9.58457227E-01  4.13975523E-03
  1.36100000E+01  1.04241312E+00  9.58952147E-01  3.91848971E-03
  1.37700000E+01  1.04192561E+00  9.59435697E-01  3.70877870E-03
  1.39300000E+01  1.04144695E+00  9.59908239E-01  3.51004285E-03
  1.40900000E+01  1.04097704E+00  9.60370126E-01  3.32172960E-03
  1.42500000E+01  1.04051580E+00  9.60821694E-01  3.14331218E-03
  1.44100000E+01  1.04006313E+00  9.61263269E-01  2.97428861E-03
  1.45700000E+01  1.03961891E+00  9.61695164E-01  2.81418073E-03
  1.47300000E+01  1.03918303E+00  9.62117680E-01  2.66253320E-03
  1.48900000E+01  1.03875534E+00  9.62531106E-01  2.51891257E-03
  1.50500000E+01  1.03833573E+00  9.62935722E-01  2.38290638E-03
  1.52100000E+01  1.03792404E+00  9.63331797E-01  2.25412222E-03
  1.53700000E+01  1.03752013E+00  9.63719590E-01  2.13218693E-03
  1.55300000E+01  1.03712385E+00  9.64099349E-01  2.01674567E-03
  1.56900000E+01  1.03673506E+00  9.64471314E-01  1.90746116E-03
  1.58500000E+01  1.03635361E+00  9.64835717E-01  1.80401291E-03
  1.60100000E+01  1.03597933E+00  9.65192780E-01  1.70609638E-03
  1.61700000E+01  1.03561209E+00  9.65542718E-01  1.61342231E-03
  1.63300000E+01  1.03525172E+00  9.65885736E-01  1.52571601E-03
  1.64900000E+01  1.03489808E+00  9.66222034E-01  1.44271665E-03
  1.66500000E+01  1.03455102E+00  9.66551805E-01  1.36417663E-03
  1.68100000E+01  1.03421038E+00  9.66875231E-01  1.28986093E-03
  1.69700000E+01  1.03387604E+00  9.67192493E-01  1.21954654E-03
  1.71300000E+01  1.03354783E+00  9.67503762E-01  1.15302186E-03
  1.72900000E+01  1.03322561E+00  9.67809203E-01  1.09008615E-03
  1.74500000E+01  1.03290926E+00  9.68108977E-01  1.03054902E-03
  1.76100000E+01  1.03259862E+00  9.68403238E-01  9.74229889E-04
  1.77700000E+01  1.03229357E+00  9.68692135E-01  9.20957537E-04
  1.79300000E+01  1.03199398E+00  9.68975812E-01  8.70569623E-04
  1.80900000E+01  1.03169971E+00  9.69254407E-01  8.22912250E-04
  1.82500000E+01  1.03141063E+00  9.69528055E-01  7.77839542E-04
  1.84100000E+01  1.03112664E+00  9.69796885E-01  7.35213245E-04
  1.85700000E+01  1.03084759E+00  9.70061022E-01  6.94902340E-04
  1.87300000E+01  1.03057338E+00  9.70320588E-01  6.56782682E-04
  1.88900000E+01  1.03030389E+00  9.70575699E-01  6.20736648E-04
  1.90500000E+01  1.03003902E+00  9.70826467E-01  5.86652807E-04
  1.92100000E+01  1.02977864E+00  9.71073004E-01  5.54425607E-04
  1.93700000E+01  1.02952265E+00  9.71315413E-01  5.23955071E-04
  1.95300000E+01  1.02927096E+00  9.71553798E-01  4.95146511E-04
  1.96900000E+01  1.02902345E+00  9.71788256E-01  4.67910258E-04
  1.98500000E+01  1.02878003E+00  9.72018886E-01  4.42161403E-04
  2.00100000E+01  1.02854061E+00  9.72245777E-01  4.17819548E-04
  2.01700000E+01  1.02830509E+00  9.72469022E-01  3.94808577E-04
  2.03300000E+01  1.02807339E+00  9.72688706E-01  3.73056430E-04
  2.04900000E+01  1.02784540E+00  9.72904913E-01  3.52494891E-04
  2.06500000E+01  1.02762105E+00  9.73117727E-01  3.33059393E-04
  2.08100000E+01  1.02740026E+00  9.73327224E-01  3.14688819E-04
  2.09700000E+01  1.02718294E+00  9.73533483E-01  2.97325330E-04
  2.11300000E+01  1.02696901E+00  9.73736578E-01  2.80914184E-04
  2.12900000E+01  1.02675840E+00  9.73936580E-01  2.65403583E-04
  2.14500000E+01  1.02655104E+00  9.74133560E-01  2.50744509E-04
  2.16100000E+01  1.02634684E+00  9.74327586E-01  2.36890581E-04
  2.17700000E+01  1.02614574E+00  9.74518723E-01  2.23797919E-04
  2.19300000E+01  1.02594768E+00  9.74707036E-01  2.11425003E-04
  2.20900000E+01  1.02575257E+00  9.74892585E-01  1.99732559E-04
  2.22500000E+01  1.02556037E+00  9.75075433E-01  1.88683429E-04
  2.24100000E+01  1.02537101E+00  9.75255637E-01  1.78242467E-04
  2.25700000E+01  1.02518442E+00  9.75433254E-01  1.68376425E-04
  2.27300000E+01  1.02500054E+00  9.75608340E-01  1.59053858E-04
  2.28900000E+01  1.02481932E+00  9.75780948E-01  1.50245023E-04
  2.30500000E+01  1.02464071E+00  9.75951130E-01  1.41921791E-04
  2.32100000E+01  1.02446464E+00  9.76118937E-01  1.34057558E-04
  2.33700000E+01  1.02429106E+00  9.76284418E-01  1.26627166E-04
  2.35300000E+01  1.02411992E+00  9.76447622E-01  1.19606826E-04
  2.36900000E+01  1.02395117E+00  9.76608595E-01  1.12974038E-04
  2.38500000E+01  1.02378477E+00  9.76767383E-01  1.06707531E-04
  2.40100000E+01  1.02362065E+00  9.76924029E-01  1.00787191E-04
  2.41700000E+01  1.02345878E+00  9.77078576E-01  9.51939999E-05
  2.43300000E+01  1.02329912E+00  9.77231068E-01  8.99099759E-05
  2.44900000E+01  1.02314160E+00  9.77381543E-01  8.49181194E-05
  2.46500000E+01  1.02298620E+00  9.77530043E-01  8.02023585E-05
  2.48100000E+01  1.02283288E+00  9.77676605E-01  7.57474993E-05
  2.49700000E+01  1.02268158E+00  9.77821268E-01  7.15391782E-05
  2.51300000E+01  1.02253227E+00  9.77964068E-01  6.75638174E-05
  2.52900000E+01  1.02238491E+00  9.78105040E-01  6.38085817E-05
  2.54500000E+01  1.02223947E+00  9.78244220E-01  6.02613387E-05
  2.56100000E+01  1.02209590E+00  9.78381642E-01  5.69106206E-05
  2.57700000E+01  1.02195418E+00  9.78517338E-01  5.37455879E-05
  2.59300000E+01  1.02181426E+00  9.78651341E-01  5.07559955E-05
  2.60900000E+01  1.02167611E+00  9.78783683E-01  4.79321601E-05
  2.62500000E+01  1.02153970E+00  9.78914394E-01  4.52649302E-05
  2.64100000E+01  1.02140499E+00  9.79043504E-01  4.27456563E-05
  2.65700000E+01  1.02127196E+00  9.79171042E-01  4.03661643E-05
  2.67300000E+01  1.02114057E+00  9.79297038E-01  3.81187291E-05
  2.68900000E+01  1.02101080E+00  9.79421518E-01  3.59960504E-05
  2.70500000E+01  1.02088261E+00  9.79544510E-01  3.39912294E-05
  2.72100000E+01  1.02075597E+00  9.79666040E-01  3.20977468E-05
  2.73700000E+01  1.02063086E+00  9.79786135E-01  3.03094422E-05
  2.75300000E+01  1.02050724E+00  9.79904819E-01  2.86204943E-05
  2.76900000E+01  1.02038510E+00  9.80022117E-01  2.70254027E-05
  2.78500000E+01  1.02026441E+00  9.80138054E-01  2.55189698E-05
  2.80100000E+01  1.02014513E+00  9.80252654E-01  2.40962846E-05
  2.81700000E+01  1.02002726E+00  9.80365938E-01  2.27527072E-05
  2.83300000E+01  1.01991075E+00  9.80477929E-01  2.14838533E-05
  2.84900000E+01  1.01979559E+00  9.80588650E-01  2.02855805E-05
  2.86500000E+01  1.01968176E+00  9.80698123E-01  1.91539755E-05
  2.88100000E+01  1.01956922E+00  9.80806367E-01  1.80853406E-05
  2.89700000E+01  1.01945797E+00  9.80913404E-01  1.70761827E-05
  2.91300000E+01  1.01934797E+00  9.81019253E-01  1.61232014E-05
  2.92900000E+01  1.01923921E+00  9.81123935E-01  1.52232789E-05
  2.94500000E+01  1.01913167E+00  9.81227469E-01  1.43734699E-05
  2.96100000E+01  1.01902532E+00  9.81329873E-01  1.35709916E-05
  2.97700000E+01  1.01892015E+00  9.81431165E-01  1.28132155E-05
  2.99300000E+01  1.01881614E+00  9.81531365E-01  1.20976584E-05
  3.00900000E+01  1.01871326E+00  9.81630488E-01  1.14219746E-05
  3.02500000E+01  1.01861150E+00  9.81728553E-01  1.07839482E-05
  3.04100000E+01  1.01851084E+00  9.81825577E-01  1.01814861E-05
  3.05700000E+01  1.01841127E+00  9.81921576E-01  9.61261097E-06
  3.07300000E+01  1.01831276E+00  9.82016565E-01  9.07545529E-06
  3.08900000E+01  1.01821530E+00  9.82110562E-01  8.56825489E-06
  3.10500000E+01  1.01811887E+00  9.82203581E-01  8.08934344E-06
  3.12100000E+01  1.01802345E+00  9.82295638E-01  7.63714701E-06
  3.13700000E+01  1.01792904E+00  9.82386747E-01  7.21017895E-06
  3.15300000E+01  1.01783561E+00  9.82476923E-01  6.80703511E-06
  3.16900000E+01  1.01774315E+00  9.82566180E-01  6.42638923E-06
  3.18500000E+01  1.01765164E+00  9.82654533E-01  6.06698867E-06
  3.20100000E+01  1.01756107E+00  9.82741995E-01  5.72765034E-06
  3.21700000E+01  1.01747143E+00  9.82828578E-01  5.40725682E-06
  3.23300000E+01  1.01738270E+00  9.82914298E-01  5.10475277E-06
  3.24900000E+01  1.01729486E+00  9.82999166E-01  4.81914147E-06
  3.26500000E+01  1.01720791E+00  9.83083194E-01  4.54948158E-06
  3.28100000E+01  1.01712182E+00  9.83166396E-01  4.29488405E-06
  3.29700000E+01  1.01703660E+00  9.83248784E-01  4.05450928E-06
  3.31300000E+01  1.01695222E+00  9.83330369E-01  3.82756433E-06
  3.32900000E+01  1.01686867E+00  9.83411163E-01  3.61330036E-06
  3.34500000E+01  1.01678594E+00  9.83491178E-01  3.41101016E-06
  3.36100000E+01  1.01670401E+00  9.83570424E-01  3.22002588E-06
  3.37700000E+01  1.01662289E+00  9.83648914E-01  3.03971681E-06
  3.39300000E+01  1.01654255E+00  9.83726656E-01  2.86948735E-06
  3.40900000E+01  1.01646298E+00  9.83803663E-01  2.70877503E-06
  3.42500000E+01  1.01638417E+00  9.83879945E-01  2.55704873E-06
  3.44100000E+01  1.01630611E+00  9.83955511E-01  2.41380684E-06
  3.45700000E+01  1.01622880E+00  9.84030373E-01  2.27857574E-06
  3.47300000E+01  1.01615221E+00  9.84104538E-01  2.15090815E-06
  3.48900000E+01  1.01607634E+00  9.84178018E-01  2.03038171E-06
  3.50500000E+01  1.01600118E+00  9.84250822E-01  1.91659760E-06
  3.52100000E+01  1.01592672E+00  9.84322959E-01  1.80917922E-06
  3.53700000E+01  1.01585296E+00  9.84394438E-01  1.70777095E-06
  3.55300000E+01  1.01577987E+00  9.84465268E-01  1.61203700E-06
  3.56900000E+01  1.01570745E+00  9.84535458E-01  1.52166028E-06
  3.58500000E+01  1.01563569E+00  9.84605016E-01  1.43634139E-06
  3.60100000E+01  1.01556459E+00  9.84673952E-01  1.35579764E-06
  3.61700000E+01  1.01549413E+00  9.84742273E-01  1.27976207E-06
  3.63300000E+01  1.01542431E+00  9.84809987E-01  1.20798264E-06
  3.64900000E+01  1.01535511E+00  9.84877103E-01  1.14022134E-06
  3.66500000E+01  1.01528653E+00  9.84943628E-01  1.07625347E-06
  3.68100000E+01  1.01521856E+00  9.85009571E-01  1.01586683E-06
  3.69700000E+01  1.01515119E+00  9.85074939E-01  9.58861085E-07
  3.71300000E+01  1.01508442E+00  9.85139739E-01  9.05047076E-07
  3.72900000E+01  1.01501823E+00  9.85203978E-01  8.54246196E-07
  3.74500000E+01  1.01495262E+00  9.85267665E-01  8.06289807E-07
  3.76100000E+01  1.01488758E+00  9.85330806E-01  7.61018684E-07
  3.77700000E+01  1.01482311E+00  9.85393407E-01  7.18282492E-07
  3.79300000E+01  1.01475919E+00  9.85455477E-01  6.77939287E-07
  3.80900000E+01  1.01469582E+00  9.85517021E-01  6.39855050E-07
  3.82500000E+01  1.01463299E+00  9.85578047E-01  6.03903244E-07
  3.84100000E+01  1.01457070E+00  9.85638560E-01  5.69964397E-07
  3.85700000E+01  1.01450893E+00  9.85698568E-01  5.37925709E-07
  3.87300000E+01  1.01444769E+00  9.85758077E-01  5.07680677E-07
  3.88900000E+01  1.01438696E+00  9.85817092E-01  4.79128745E-07
  3.90500000E+01  1.01432674E+00  9.85875620E-01  4.52174972E-07
  3.92100000E+01  1.01426702E+00  9.85933667E-01  4.26729718E-07
  3.93700000E+01  1.01420780E+00  9.85991239E-01  4.02708346E-07
  3.95300000E+01  1.01414906E+00  9.86048341E-01  3.80030947E-07
  3.96900000E+01  1.01409081E+00  9.86104980E-01  3.58622071E-07
  3.98500000E+01  1.01403304E+00  9.86161161E-01  3.38410480E-07
  4.00100000E+01  1.01397574E+00  9.86216889E-01  3.19328912E-07
  4.01700000E+01  1.01391891E+00  9.86272170E-01  3.01313857E-07
  4.03300000E+01  1.01386253E+00  9.86327010E-01  2.84305350E-07
  4.04900000E+01  1.01380661E+00  9.86381413E-01  2.68246770E-07
  4.06500000E+01  1.01375114E+00  9.86435384E-01  2.53084652E-07
  4.08100000E+01  1.01369612E+00  9.86488930E-01  2.38768515E-07
  4.09700000E+01  1.01364153E+00  9.86542055E-01  2.25250686E-07
  4.11300000E+01  1.01358738E+00  9.86594763E-01  2.12486153E-07
  4.12900000E+01  1.01353365E+00  9.86647061E-01  2.00432405E-07
  4.14500000E+01  1.01348035E+00  9.86698951E-01  1.89049300E-07
  4.16100000E+01  1.01342747E+00  9.86750440E-01  1.78298926E-07
  4.17700000E+01  1.01337500E+00  9.86801532E-01  1.68145481E-07
  4.19300000E+01  1.01332294E+00  9.86852231E-01  1.58555147E-07
  4.20900000E+01  1.01327128E+00  9.86902543E-01  1.49495985E-07
  4.22500000E+01  1.01322002E+00  9.86952470E-01  1.40937825E-07
  4.24100000E+01  1.01316915E+00  9.87002019E-01  1.32852168E-07
  4.25700000E+01  1.01311868E+00  9.87051192E-01  1.25212089E-07
  4.27300000E+01  1.01306859E+00  9.87099995E-01  1.17992152E-07
  4.28900000E+01  1.01301888E+00  9.87148432E-01  1.11168320E-07
  4.30500000E+01  1.01296955E+00  9.87196506E-01  1.04717881E-07
  4.32100000E+01  1.01292059E+00  9.87244221E-01  9.86193691E-08
  4.33700000E+01  1.01287200E+00  9.87291583E-01  9.28524939E-08
  4.35300000E+01  1.01282377E+00  9.87338594E-01  8.73980742E-08
  4.36900000E+01  1.01277591E+00  9.87385258E-01  8.22379737E-08
  4.38500000E+01  1.01272840E+00  9.87431580E-01  7.73550412E-08
  4.40100000E+01  1.01268124E+00  9.87477562E-01  7.27330534E-08
  4.41700000E+01  1.01263443E+00  9.87523210E-01  6.83566617E-08
  4.43300000E+01  1.01258796E+00  9.87568526E-01  6.42113407E-08
  4.44900000E+01  1.01254184E+00  9.87613513E-01  6.02833405E-08
  4.46500000E+01  1.01249605E+00  9.87658177E-01  5.65596414E-08
  4.48100000E+01  1.01245059E+00  9.87702519E-01  5.30279103E-08
  4.49700000E+01  1.01240547E+00  9.87746544E-01  4.96764601E-08
  4.51300000E+01  1.01236067E+00  9.87790255E-01  4.64942113E-08
  4.52900000E+01  1.01231619E+00  9.87833655E-01  4.34706551E-08
  4.54500000E+01  1.01227203E+00  9.87876748E-01  4.05958188E-08
  4.56100000E+01  1.01222819E+00  9.87919536E-01  3.78602330E-08
  4.57700000E+01  1.01218465E+00  9.87962024E-01  3.52549001E-08
  4.59300000E+01  1.01214143E+00  9.88004213E-01  3.27712652E-08
  4.60900000E+01  1.01209852E+00  9.88046108E-01  3.04011874E-08
  4.62500000E+01  1.01205590E+00  9.88087711E-01  2.81369134E-08
  4.64100000E+01  1.01201359E+00  9.88129026E-01  2.59710517E-08
  4.65700000E+01  1.01197157E+00  9.88170055E-01  2.38965490E-08
  4.67300000E+01  1.01192984E+00  9.88210802E-01  2.19066665E-08
  4.68900000E+01  1.01188841E+00  9.88251268E-01  1.99949583E-08
  4.70500000E+01  1.01184726E+00  9.88291458E-01  1.81552501E-08
  4.72100000E+01  1.01180639E+00  9.88331374E-01  1.63816196E-08
  4.73700000E+01  1.01176581E+00  9.88371019E-01  1.46683765E-08
  4.75300000E+01  1.01172550E+00  9.88410395E-01  1.30100449E-08
  4.76900000E+01  1.01168547E+00  9.88449505E-01  1.14013452E-08
  4.78500000E+01  1.01164571E+00  9.88488352E-01  9.83717711E-09
  4.80100000E+01  1.01160622E+00  9.88526939E-01  8.31260351E-09
  4.81700000E+01  1.01156700E+00  9.88565268E-01  6.82283443E-09
  4.83300000E+01  1.01152804E+00  9.88603342E-01  5.36321193E-09
  4.84900000E+01  1.01148934E+00  9.88641163E-01  3.92919528E-09
  4.86500000E+01  1.01145091E+00  9.88678734E-01  2.51634660E-09
  4.88100000E+01  1.01141272E+00  9.88716057E-01  1.12031692E-09
  4.89700000E+01  1.01137480E+00  9.88753135E-01 -2.63167484E-10
  4.91300000E+01  1.01133712E+00  9.88789969E-01 -1.63831839E-09
  4.92900000E+01  1.01129969E+00  9.88826564E-01 -3.00929875E-09
  4.94500000E+01  1.01126251E+00  9.88862920E-01 -4.38023553E-09
  4.96100000E+01  1.01122557E+00  9.88899041E-01 -5.75523240E-09
  4.97700000E+01  1.01118888E+00  9.88934927E-01 -7.13838233E-09
  4.99300000E+01  1.01115242E+00  9.88970583E-01 -8.53378003E-09
