  1.00000000E-02  5.15000000E-02  1.08150000E+00
  9.00000000E-02  1.98923114E-02  1.02339033E+00
  1.70000000E-01  1.14635547E-03  9.41435989E-01
  2.50000000E-01  9.85619768E-06  8.55897176E-01
  3.30000000E-01  1.26431573E-08  7.65097742E-01
  4.10000000E-01  2.41967880E-12  6.77857610E-01
  4.90000000E-01  6.90901180E-17  5.98940383E-01
  5.70000000E-01  2.94327058E-22  5.29694769E-01
  6.50000000E-01  1.87068422E-28  4.69752462E-01
  7.30000000E-01  1.77389053E-35  4.18083820E-01
  8.10000000E-01  2.50962706E-43  3.73517791E-01
  8.90000000E-01  5.29721499E-52  3.34957692E-01
  9.70000000E-01  1.66817670E-61  3.01451394E-01
  1.05000000E+00  7.83777046E-72  2.72199470E-01
  1.13000000E+00  5.49413174E-83  2.46540296E-01
  1.21000000E+00  5.74594729E-95  2.23928913E-01
  1.29000000E+00  8.96561829-108  2.03916336E-01
  1.37000000E+00  2.08715591-121  1.86131530E-01
  1.45000000E+00  7.24912481-136  1.70266509E-01
  1.53000000E+00  3.75640407-151  1.56064290E-01
  1.61000000E+00  2.90412340-167  1.43309273E-01
  1.69000000E+00  3.34976137-184  1.31819572E-01
  1.77000000E+00  5.76459382-202  1.21440911E-01
  1.85000000E+00  1.48006093-220  1.12041745E-01
  1.93000000E+00  5.66952291-240  1.03509344E-01
  2.01000000E+00  3.24018252-260  9.57466443E-02
  2.09000000E+00  2.76279381-281  8.86696880E-02
  2.17000000E+00  3.51466156-303  8.22055452E-02
  2.25000000E+00  0.00000000E+00  7.62906081E-02
  2.33000000E+00  0.00000000E+00  7.08691886E-02
  2.41000000E+00  0.00000000E+00  6.58923566E-02
  2.49000000E+00  0.00000000E+00  6.13169746E-02
  2.57000000E+00  0.00000000E+00  5.71048900E-02
  2.65000000E+00  0.00000000E+00  5.32222577E-02
  2.73000000E+00  0.00000000E+00  4.96389681E-02
  2.81000000E+00  0.00000000E+00  4.63281626E-02
  2.89000000E+00  0.00000000E+00  4.32658220E-02
  2.97000000E+00  0.00000000E+00  4.04304143E-02
  3.05000000E+00  0.00000000E+00  3.78025934E-02
  3.13000000E+00  0.00000000E+00  3.53649397E-02
  3.21000000E+00  0.00000000E+00  3.31017357E-02
  3.29000000E+00  0.00000000E+00  3.09987726E-02
  3.37000000E+00  0.00000000E+00  2.90431818E-02
  3.45000000E+00  0.00000000E+00  2.72232875E-02
  3.53000000E+00  0.00000000E+00  2.55284790E-02
  3.61000000E+00  0.00000000E+00  2.39490981E-02
  3.69000000E+00  0.00000000E+00  2.24763400E-02
  3.77000000E+00  0.00000000E+00  2.11021669E-02
  3.85000000E+00  0.00000000E+00  1.98192304E-02
  3.93000000E+00  0.00000000E+00  1.86208041E-02
  4.01000000E+00  0.00000000E+00  1.75007230E-02
  4.09000000E+00  0.00000000E+00  1.64533300E-02
  4.17000000E+00  0.00000000E+00  1.54734280E-02
  4.25000000E+00  0.00000000E+00  1.45562372E-02
  4.33000000E+00  0.00000000E+00  1.36973574E-02
  4.41000000E+00  0.00000000E+00  1.28927332E-02
  4.49000000E+00  0.00000000E+00  1.21386238E-02
  4.57000000E+00  0.00000000E+00  1.14315754E-02
  4.65000000E+00  0.00000000E+00  1.07683962E-02
  4.73000000E+00  0.00000000E+00  1.01461339E-02
  4.81000000E+00  0.00000000E+00  9.56205610E-03
  4.89000000E+00  0.00000000E+00  9.01363121E-03
  4.97000000E+00  0.00000000E+00  8.49851241E-03
  5.05000000E+00  0.00000000E+00  8.01452243E-03
  5.13000000E+00  0.00000000E+00  7.55963993E-03
  5.21000000E+00  0.00000000E+00  7.13198704E-03
  5.29000000E+00  0.00000000E+00  6.72981811E-03
  5.37000000E+00  0.00000000E+00  6.35150937E-03
  5.45000000E+00  0.00000000E+00  5.99554950E-03
  5.53000000E+00  0.00000000E+00  5.66053107E-03
  5.61000000E+00  0.00000000E+00  5.34514265E-03
  5.69000000E+00  0.00000000E+00  5.04816162E-03
  5.77000000E+00  0.00000000E+00  4.76844755E-03
  5.85000000E+00  0.00000000E+00  4.50493616E-03
  5.93000000E+00  0.00000000E+00  4.25663376E-03
  6.01000000E+00  0.00000000E+00  4.02261213E-03
  6.09000000E+00  0.00000000E+00  3.80200381E-03
  6.17000000E+00  0.00000000E+00  3.59399778E-03
  6.25000000E+00  0.00000000E+00  3.39783548E-03
  6.33000000E+00  0.00000000E+00  3.21280709E-03
  6.41000000E+00  0.00000000E+00  3.03824820E-03
  6.49000000E+00  0.00000000E+00  2.87353661E-03
  6.57000000E+00  0.00000000E+00  2.71808945E-03
  6.65000000E+00  0.00000000E+00  2.57136051E-03
  6.73000000E+00  0.00000000E+00  2.43283777E-03
  6.81000000E+00  0.00000000E+00  2.30204104E-03
  6.89000000E+00  0.00000000E+00  2.17851993E-03
  6.97000000E+00  0.00000000E+00  2.06185175E-03
  7.05000000E+00  0.00000000E+00  1.95163980E-03
  7.13000000E+00  0.00000000E+00  1.84751158E-03
  7.21000000E+00  0.00000000E+00  1.74911724E-03
  7.29000000E+00  0.00000000E+00  1.65612814E-03
  7.37000000E+00  0.00000000E+00  1.56823542E-03
  7.45000000E+00  0.00000000E+00  1.48514877E-03
  7.53000000E+00  0.00000000E+00  1.40659526E-03
  7.61000000E+00  0.00000000E+00  1.33231820E-03
  7.69000000E+00  0.00000000E+00  1.26207613E-03
  7.77000000E+00  0.00000000E+00  1.19564187E-03
  7.85000000E+00  0.00000000E+00  1.13280162E-03
  7.93000000E+00  0.00000000E+00  1.07335411E-03
  8.01000000E+00  0.00000000E+00  1.01710987E-03
  8.09000000E+00  0.00000000E+00  9.63890434E-04
  8.17000000E+00  0.00000000E+00  9.13527737E-04
  8.25000000E+00  0.00000000E+00  8.65863426E-04
  8.33000000E+00  0.00000000E+00  8.20748288E-04
  8.41000000E+00  0.00000000E+00  7.78041695E-04
  8.49000000E+00  0.00000000E+00  7.37611084E-04
  8.57000000E+00  0.00000000E+00  6.99331470E-04
  8.65000000E+00  0.00000000E+00  6.63084998E-04
  8.73000000E+00  0.00000000E+00  6.28760506E-04
  8.81000000E+00  0.00000000E+00  5.96253140E-04
  8.89000000E+00  0.00000000E+00  5.65463969E-04
  8.97000000E+00  0.00000000E+00  5.36299641E-04
  9.05000000E+00  0.00000000E+00  5.08672053E-04
  9.13000000E+00  0.00000000E+00  4.82498044E-04
  9.21000000E+00  0.00000000E+00  4.57699105E-04
  9.29000000E+00  0.00000000E+00  4.34201105E-04
  9.37000000E+00  0.00000000E+00  4.11934045E-04
  9.45000000E+00  0.00000000E+00  3.90831808E-04
  9.53000000E+00  0.00000000E+00  3.70831944E-04
  9.61000000E+00  0.00000000E+00  3.51875452E-04
  9.69000000E+00  0.00000000E+00  3.33906589E-04
  9.77000000E+00  0.00000000E+00  3.16872675E-04
  9.85000000E+00  0.00000000E+00  3.00723926E-04
  9.93000000E+00  0.00000000E+00  2.85413284E-04
  1.00100000E+01  0.00000000E+00  2.70896266E-04
  1.00900000E+01  0.00000000E+00  2.57130815E-04
  1.01700000E+01  0.00000000E+00  2.44077165E-04
  1.02500000E+01  0.00000000E+00  2.31697710E-04
  1.03300000E+01  0.00000000E+00  2.19956886E-04
  1.04100000E+01  0.00000000E+00  2.08821054E-04
  1.04900000E+01  0.00000000E+00  1.98258392E-04
  1.05700000E+01  0.00000000E+00  1.88238796E-04
  1.06500000E+01  0.00000000E+00  1.78733782E-04
  1.07300000E+01  0.00000000E+00  1.69716396E-04
  1.08100000E+01  0.00000000E+00  1.61161134E-04
  1.08900000E+01  0.00000000E+00  1.53043854E-04
  1.09700000E+01  0.00000000E+00  1.45341707E-04
  1.10500000E+01  0.00000000E+00  1.38033065E-04
  1.11300000E+01  0.00000000E+00  1.31097450E-04
  1.12100000E+01  0.00000000E+00  1.24515475E-04
  1.12900000E+01  0.00000000E+00  1.18268786E-04
  1.13700000E+01  0.00000000E+00  1.12339997E-04
  1.14500000E+01  0.00000000E+00  1.06712648E-04
  1.15300000E+01  0.00000000E+00  1.01371147E-04
  1.16100000E+01  0.00000000E+00  9.63007270E-05
  1.16900000E+01  0.00000000E+00  9.14873980E-05
  1.17700000E+01  0.00000000E+00  8.69179082E-05
  1.18500000E+01  0.00000000E+00  8.25797023E-05
  1.19300000E+01  0.00000000E+00  7.84608843E-05
  1.20100000E+01  0.00000000E+00  7.45501822E-05
  1.20900000E+01  0.00000000E+00  7.08369144E-05
  1.21700000E+01  0.00000000E+00  6.73109581E-05
  1.22500000E+01  0.00000000E+00  6.39627192E-05
  1.23300000E+01  0.00000000E+00  6.07831042E-05
  1.24100000E+01  0.00000000E+00  5.77634936E-05
  1.24900000E+01  0.00000000E+00  5.48957165E-05
  1.25700000E+01  0.00000000E+00  5.21720264E-05
  1.26500000E+01  0.00000000E+00  4.95850795E-05
  1.27300000E+01  0.00000000E+00  4.71279125E-05
  1.28100000E+01  0.00000000E+00  4.47939229E-05
  1.28900000E+01  0.00000000E+00  4.25768499E-05
  1.29700000E+01  0.00000000E+00  4.04707561E-05
  1.30500000E+01  0.00000000E+00  3.84700108E-05
  1.31300000E+01  0.00000000E+00  3.65692735E-05
  1.32100000E+01  0.00000000E+00  3.47634790E-05
  1.32900000E+01  0.00000000E+00  3.30478224E-05
  1.33700000E+01  0.00000000E+00  3.14177462E-05
  1.34500000E+01  0.00000000E+00  2.98689268E-05
  1.35300000E+01  0.00000000E+00  2.83972621E-05
  1.36100000E+01  0.00000000E+00  2.69988606E-05
  1.36900000E+01  0.00000000E+00  2.56700300E-05
  1.37700000E+01  0.00000000E+00  2.44072666E-05
  1.38500000E+01  0.00000000E+00  2.32072459E-05
  1.39300000E+01  0.00000000E+00  2.20668131E-05
  1.40100000E+01  0.00000000E+00  2.09829743E-05
  1.40900000E+01  0.00000000E+00  1.99528880E-05
  1.41700000E+01  0.00000000E+00  1.89738577E-05
  1.42500000E+01  0.00000000E+00  1.80433238E-05
  1.43300000E+01  0.00000000E+00  1.71588566E-05
  1.44100000E+01  0.00000000E+00  1.63181502E-05
  1.44900000E+01  0.00000000E+00  1.55190153E-05
  1.45700000E+01  0.00000000E+00  1.47593738E-05
  1.46500000E+01  0.00000000E+00  1.40372526E-05
  1.47300000E+01  0.00000000E+00  1.33507787E-05
  1.48100000E+01  0.00000000E+00  1.26981737E-05
  1.48900000E+01  0.00000000E+00  1.20777489E-05
  1.49700000E+01  0.00000000E+00  1.14879010E-05
  1.50500000E+01  0.00000000E+00  1.09271075E-05
  1.51300000E+01  0.00000000E+00  1.03939227E-05
  1.52100000E+01  0.00000000E+00  9.88697365E-06
  1.52900000E+01  0.00000000E+00  9.40495644E-06
  1.53700000E+01  0.00000000E+00  8.94663279E-06
  1.54500000E+01  0.00000000E+00  8.51082663E-06
  1.55300000E+01  0.00000000E+00  8.09642092E-06
  1.56100000E+01  0.00000000E+00  7.70235467E-06
  1.56900000E+01  0.00000000E+00  7.32762009E-06
  1.57700000E+01  0.00000000E+00  6.97125986E-06
  1.58500000E+01  0.00000000E+00  6.63236461E-06
  1.59300000E+01  0.00000000E+00  6.31007047E-06
  1.60100000E+01  0.00000000E+00  6.00355672E-06
  1.60900000E+01  0.00000000E+00  5.71204369E-06
  1.61700000E+01  0.00000000E+00  5.43479061E-06
  1.62500000E+01  0.00000000E+00  5.17109369E-06
  1.63300000E+01  0.00000000E+00  4.92028421E-06
  1.64100000E+01  0.00000000E+00  4.68172679E-06
  1.64900000E+01  0.00000000E+00  4.45481769E-06
  1.65700000E+01  0.00000000E+00  4.23898320E-06
  1.66500000E+01  0.00000000E+00  4.03367817E-06
  1.67300000E+01  0.00000000E+00  3.83838452E-06
  1.68100000E+01  0.00000000E+00  3.65260993E-06
  1.68900000E+01  0.00000000E+00  3.47588649E-06
  1.69700000E+01  0.00000000E+00  3.30776953E-06
  1.70500000E+01  0.00000000E+00  3.14783643E-06
  1.71300000E+01  0.00000000E+00  2.99568548E-06
  1.72100000E+01  0.00000000E+00  2.85093491E-06
  1.72900000E+01  0.00000000E+00  2.71322182E-06
  1.73700000E+01  0.00000000E+00  2.58220125E-06
  1.74500000E+01  0.00000000E+00  2.45754534E-06
  1.75300000E+01  0.00000000E+00  2.33894237E-06
  1.76100000E+01  0.00000000E+00  2.22609607E-06
  1.76900000E+01  0.00000000E+00  2.11872476E-06
  1.77700000E+01  0.00000000E+00  2.01656065E-06
  1.78500000E+01  0.00000000E+00  1.91934919E-06
  1.79300000E+01  0.00000000E+00  1.82684833E-06
  1.80100000E+01  0.00000000E+00  1.73882797E-06
  1.80900000E+01  0.00000000E+00  1.65506932E-06
  1.81700000E+01  0.00000000E+00  1.57536435E-06
  1.82500000E+01  0.00000000E+00  1.49951528E-06
  1.83300000E+01  0.00000000E+00  1.42733403E-06
  1.84100000E+01  0.00000000E+00  1.35864176E-06
  1.84900000E+01  0.00000000E+00  1.29326842E-06
  1.85700000E+01  0.00000000E+00  1.23105229E-06
  1.86500000E+01  0.00000000E+00  1.17183959E-06
  1.87300000E+01  0.00000000E+00  1.11548406E-06
  1.88100000E+01  0.00000000E+00  1.06184664E-06
  1.88900000E+01  0.00000000E+00  1.01079503E-06
  1.89700000E+01  0.00000000E+00  9.62203442E-07
  1.90500000E+01  0.00000000E+00  9.15952223E-07
  1.91300000E+01  0.00000000E+00  8.71927571E-07
  1.92100000E+01  0.00000000E+00  8.30021242E-07
  1.92900000E+01  0.00000000E+00  7.90130279E-07
  1.93700000E+01  0.00000000E+00  7.52156747E-07
  1.94500000E+01  0.00000000E+00  7.16007487E-07
  1.95300000E+01  0.00000000E+00  6.81593880E-07
  1.96100000E+01  0.00000000E+00  6.48831626E-07
  1.96900000E+01  0.00000000E+00  6.17640524E-07
  1.97700000E+01  0.00000000E+00  5.87944279E-07
  1.98500000E+01  0.00000000E+00  5.59670302E-07
  1.99300000E+01  0.00000000E+00  5.32749531E-07
  2.00100000E+01  0.00000000E+00  5.07116258E-07
  2.00900000E+01  0.00000000E+00  4.82707962E-07
  2.01700000E+01  0.00000000E+00  4.59465153E-07
  2.02500000E+01  0.00000000E+00  4.37331224E-07
  2.03300000E+01  0.00000000E+00  4.16252305E-07
  2.04100000E+01  0.00000000E+00  3.96177134E-07
  2.04900000E+01  0.00000000E+00  3.77056924E-07
  2.05700000E+01  0.00000000E+00  3.58845245E-07
  2.06500000E+01  0.00000000E+00  3.41497905E-07
  2.07300000E+01  0.00000000E+00  3.24972842E-07
  2.08100000E+01  0.00000000E+00  3.09230017E-07
  2.08900000E+01  0.00000000E+00  2.94231316E-07
  2.09700000E+01  0.00000000E+00  2.79940457E-07
  2.10500000E+01  0.00000000E+00  2.66322894E-07
  2.11300000E+01  0.00000000E+00  2.53345738E-07
  2.12100000E+01  0.00000000E+00  2.40977672E-07
  2.12900000E+01  0.00000000E+00  2.29188873E-07
  2.13700000E+01  0.00000000E+00  2.17950940E-07
  2.14500000E+01  0.00000000E+00  2.07236823E-07
  2.15300000E+01  0.00000000E+00  1.97020756E-07
  2.16100000E+01  0.00000000E+00  1.87278192E-07
  2.16900000E+01  0.00000000E+00  1.77985747E-07
  2.17700000E+01  0.00000000E+00  1.69121137E-07
  2.18500000E+01  0.00000000E+00  1.60663127E-07
  2.19300000E+01  0.00000000E+00  1.52591477E-07
  2.20100000E+01  0.00000000E+00  1.44886893E-07
  2.20900000E+01  0.00000000E+00  1.37530981E-07
  2.21700000E+01  0.00000000E+00  1.30506197E-07
  2.22500000E+01  0.00000000E+00  1.23795810E-07
  2.23300000E+01  0.00000000E+00  1.17383860E-07
  2.24100000E+01  0.00000000E+00  1.11255115E-07
  2.24900000E+01  0.00000000E+00  1.05395038E-07
  2.25700000E+01  0.00000000E+00  9.97897504E-08
  2.26500000E+01  0.00000000E+00  9.44259986E-08
  2.27300000E+01  0.00000000E+00  8.92911206E-08
  2.28100000E+01  0.00000000E+00  8.43730167E-08
  2.28900000E+01  0.00000000E+00  7.96601197E-08
  2.29700000E+01  0.00000000E+00  7.51413669E-08
  2.30500000E+01  0.00000000E+00  7.08061737E-08
  2.31300000E+01  0.00000000E+00  6.66444079E-08
  2.32100000E+01  0.00000000E+00  6.26463656E-08
  2.32900000E+01  0.00000000E+00  5.88027479E-08
  2.33700000E+01  0.00000000E+00  5.51046383E-08
  2.34500000E+01  0.00000000E+00  5.15434821E-08
  2.35300000E+01  0.00000000E+00  4.81110656E-08
  2.36100000E+01  0.00000000E+00  4.47994967E-08
  2.36900000E+01  0.00000000E+00  4.16011861E-08
  2.37700000E+01  0.00000000E+00  3.85088298E-08
  2.38500000E+01  0.00000000E+00  3.55153914E-08
  2.39300000E+01  0.00000000E+00  3.26140860E-08
  2.40100000E+01  0.00000000E+00  2.97983643E-08
  2.40900000E+01  0.00000000E+00  2.70618968E-08
  2.41700000E+01  0.00000000E+00  2.43985600E-08
  2.42500000E+01  0.00000000E+00  2.18024217E-08
  2.43300000E+01  0.00000000E+00  1.92677272E-08
  2.44100000E+01  0.00000000E+00  1.67888865E-08
  2.44900000E+01  0.00000000E+00  1.43604615E-08
  2.45700000E+01  0.00000000E+00  1.19771535E-08
  2.46500000E+01  0.00000000E+00  9.63379117E-09
  2.47300000E+01  0.00000000E+00  7.32531906E-09
  2.48100000E+01  0.00000000E+00  5.04678630E-09
  2.48900000E+01  0.00000000E+00  2.79333552E-09
  2.49700000E+01  0.00000000E+00  5.60192156E-10
