  1.00000000E-02  9.00000000E-03  1.89000000E-01
  1.40000000E-01  8.48845132E-03  1.88309716E-01
  2.70000000E-01  7.12174340E-03  1.86450935E-01
  4.00000000E-01  5.31515688E-03  1.83843452E-01
  5.30000000E-01  3.52872455E-03  1.80952097E-01
  6.60000000E-01  2.08396940E-03  1.78104950E-01
  7.90000000E-01  1.09480512E-03  1.75424206E-01
  9.20000000E-01  5.11627891E-04  1.72870202E-01
  1.05000000E+00  2.12688255E-04  1.70332696E-01
  1.18000000E+00  7.86510837E-05  1.67705323E-01
  1.31000000E+00  2.58724657E-05  1.64918754E-01
  1.44000000E+00  7.57081850E-06  1.61941729E-01
  1.57000000E+00  1.97069655E-06  1.58769059E-01
  1.70000000E+00  4.56319033E-07  1.55409614E-01
  1.83000000E+00  9.39916595E-08  1.51878683E-01
  1.96000000E+00  1.72219355E-08  1.48194173E-01
  2.09000000E+00  2.80702644E-09  1.44375011E-01
  2.22000000E+00  4.06989267E-10  1.40440481E-01
  2.35000000E+00  5.24917818E-11  1.36409910E-01
  2.48000000E+00  6.02242748E-12  1.32302456E-01
  2.61000000E+00  6.14644147E-13  1.28136921E-01
  2.74000000E+00  5.58017511E-14  1.23931590E-01
  2.87000000E+00  4.50654602E-15  1.19704077E-01
  3.00000000E+00  3.23751434E-16  1.15471190E-01
  3.13000000E+00  2.06895715E-17  1.11248813E-01
  3.26000000E+00  1.17615131E-18  1.07051802E-01
  3.39000000E+00  5.94766921E-20  1.02893915E-01
  3.52000000E+00  2.67548377E-21  9.87877455E-02
  3.65000000E+00  1.07060617E-22  9.47446911E-02
  3.78000000E+00  3.81091330E-24  9.07749331E-02
  3.91000000E+00  1.20670275E-25  8.68874383E-02
  4.04000000E+00  3.39893955E-27  8.30899775E-02
  4.17000000E+00  8.51644774E-29  7.93891577E-02
  4.30000000E+00  1.89821516E-30  7.57904684E-02
  4.43000000E+00  3.76360724E-32  7.22983380E-02
  4.56000000E+00  6.63796655E-34  6.89161976E-02
  4.69000000E+00  1.04144833E-35  6.56465525E-02
  4.82000000E+00  1.45349086E-37  6.24910558E-02
  4.95000000E+00  1.80450790E-39  5.94505856E-02
  5.08000000E+00  1.99286178E-41  5.65253216E-02
  5.21000000E+00  1.95779616E-43  5.37148210E-02
  5.34000000E+00  1.71091988E-45  5.10180925E-02
  5.47000000E+00  1.33003718E-47  4.84336669E-02
  5.60000000E+00  9.19749997E-50  4.59596638E-02
  5.73000000E+00  5.65780161E-52  4.35938541E-02
  5.86000000E+00  3.09597568E-54  4.13337181E-02
  5.99000000E+00  1.50702089E-56  3.91764984E-02
  6.12000000E+00  6.52548674E-59  3.71192478E-02
  6.25000000E+00  2.51349749E-61  3.51588734E-02
  6.38000000E+00  8.61223570E-64  3.32921746E-02
  6.51000000E+00  2.62497556E-66  3.15158779E-02
  6.64000000E+00  7.11715669E-69  2.98266670E-02
  6.77000000E+00  1.71656280E-71  2.82212091E-02
  6.90000000E+00  3.68285629E-74  2.66961772E-02
  7.03000000E+00  7.02880920E-77  2.52482699E-02
  7.16000000E+00  1.19330275E-79  2.38742279E-02
  7.29000000E+00  1.80215208E-82  2.25708471E-02
  7.42000000E+00  2.42105211E-85  2.13349906E-02
  7.55000000E+00  2.89326854E-88  2.01635974E-02
  7.68000000E+00  3.07570910E-91  1.90536899E-02
  7.81000000E+00  2.90853086E-94  1.80023794E-02
  7.94000000E+00  2.44666214E-97  1.70068705E-02
  8.07000000E+00  1.83082247-100  1.60644637E-02
  8.20000000E+00  1.21868193-103  1.51725574E-02
  8.33000000E+00  7.21616434-107  1.43286488E-02
  8.46000000E+00  3.80096933-110  1.35303339E-02
  8.59000000E+00  1.78096023-113  1.27753073E-02
  8.72000000E+00  7.42311150-117  1.20613605E-02
  8.85000000E+00  2.75226123-120  1.13863811E-02
  8.98000000E+00  9.07747847-124  1.07483502E-02
  9.11000000E+00  2.66325474-127  1.01453404E-02
  9.24000000E+00  6.95075685-131  9.57551362E-03
  9.37000000E+00  1.61370220-134  9.03711791E-03
  9.50000000E+00  3.33262609-138  8.52848514E-03
  9.63000000E+00  6.12239993-142  8.04802786E-03
  9.76000000E+00  1.00052676-145  7.59423649E-03
  9.89000000E+00  1.45447957-149  7.16567628E-03
  1.00200000E+01  1.88086858-153  6.76098439E-03
  1.01500000E+01  2.16362097-157  6.37886693E-03
  1.02800000E+01  2.21399083-161  6.01809603E-03
  1.04100000E+01  2.01531233-165  5.67750699E-03
  1.05400000E+01  1.63185216-169  5.35599547E-03
  1.06700000E+01  1.17541483-173  5.05251472E-03
  1.08000000E+01  7.53136037-178  4.76607294E-03
  1.09300000E+01  4.29267092-182  4.49573069E-03
  1.10600000E+01  2.17647494-186  4.24059838E-03
  1.11900000E+01  9.81638654-191  3.99983385E-03
  1.13200000E+01  3.93841555-195  3.77264005E-03
  1.14500000E+01  1.40560512-199  3.55826280E-03
  1.15800000E+01  4.46248768-204  3.35598864E-03
  1.17100000E+01  1.26026720-208  3.16514276E-03
  1.18400000E+01  3.16606733-213  2.98508704E-03
  1.19700000E+01  7.07537665-218  2.81521818E-03
  1.21000000E+01  1.40653612-222  2.65496584E-03
  1.22300000E+01  2.48727679-227  2.50379097E-03
  1.23600000E+01  3.91263427-232  2.36118416E-03
  1.24900000E+01  5.47502740-237  2.22666406E-03
  1.26200000E+01  6.81514728-242  2.09977591E-03
  1.27500000E+01  7.54633534-247  1.98009010E-03
  1.28800000E+01  7.43308093-252  1.86720085E-03
  1.30100000E+01  6.51288678-257  1.76072492E-03
  1.31400000E+01  5.07633298-262  1.66030037E-03
  1.32700000E+01  3.51964273-267  1.56558545E-03
  1.34000000E+01  2.17079578-272  1.47625746E-03
  1.35300000E+01  1.19099862-277  1.39201176E-03
  1.36600000E+01  5.81266720-283  1.31256073E-03
  1.37900000E+01  2.52354796-288  1.23763287E-03
  1.39200000E+01  9.74584665-294  1.16697191E-03
  1.40500000E+01  3.34810824-299  1.10033598E-03
  1.41800000E+01  1.02317828-304  1.03749678E-03
  1.43100000E+01  0.00000000E+00  9.78238874E-04
  1.44400000E+01  0.00000000E+00  9.22358950E-04
  1.45700000E+01  0.00000000E+00  8.69665155E-04
  1.47000000E+01  0.00000000E+00  8.19976459E-04
  1.48300000E+01  0.00000000E+00  7.73122051E-04
  1.49600000E+01  0.00000000E+00  7.28940769E-04
  1.50900000E+01  0.00000000E+00  6.87280560E-04
  1.52200000E+01  0.00000000E+00  6.47997974E-04
  1.53500000E+01  0.00000000E+00  6.10957680E-04
  1.54800000E+01  0.00000000E+00  5.76032012E-04
  1.56100000E+01  0.00000000E+00  5.43100537E-04
  1.57400000E+01  0.00000000E+00  5.12049652E-04
  1.58700000E+01  0.00000000E+00  4.82772196E-04
  1.60000000E+01  0.00000000E+00  4.55167091E-04
  1.61300000E+01  0.00000000E+00  4.29138997E-04
  1.62600000E+01  0.00000000E+00  4.04597991E-04
  1.63900000E+01  0.00000000E+00  3.81459257E-04
  1.65200000E+01  0.00000000E+00  3.59642804E-04
  1.66500000E+01  0.00000000E+00  3.39073187E-04
  1.67800000E+01  0.00000000E+00  3.19679254E-04
  1.69100000E+01  0.00000000E+00  3.01393901E-04
  1.70400000E+01  0.00000000E+00  2.84153846E-04
  1.71700000E+01  0.00000000E+00  2.67899407E-04
  1.73000000E+01  0.00000000E+00  2.52574304E-04
  1.74300000E+01  0.00000000E+00  2.38125462E-04
  1.75600000E+01  0.00000000E+00  2.24502831E-04
  1.76900000E+01  0.00000000E+00  2.11659214E-04
  1.78200000E+01  0.00000000E+00  1.99550104E-04
  1.79500000E+01  0.00000000E+00  1.88133533E-04
  1.80800000E+01  0.00000000E+00  1.77369926E-04
  1.82100000E+01  0.00000000E+00  1.67221966E-04
  1.83400000E+01  0.00000000E+00  1.57654466E-04
  1.84700000E+01  0.00000000E+00  1.48634246E-04
  1.86000000E+01  0.00000000E+00  1.40130020E-04
  1.87300000E+01  0.00000000E+00  1.32112289E-04
  1.88600000E+01  0.00000000E+00  1.24553238E-04
  1.89900000E+01  0.00000000E+00  1.17426639E-04
  1.91200000E+01  0.00000000E+00  1.10707765E-04
  1.92500000E+01  0.00000000E+00  1.04373298E-04
  1.93800000E+01  0.00000000E+00  9.84012549E-05
  1.95100000E+01  0.00000000E+00  9.27709068E-05
  1.96400000E+01  0.00000000E+00  8.74627101E-05
  1.97700000E+01  0.00000000E+00  8.24582380E-05
  1.99000000E+01  0.00000000E+00  7.77401169E-05
  2.00300000E+01  0.00000000E+00  7.32919661E-05
  2.01600000E+01  0.00000000E+00  6.90983414E-05
  2.02900000E+01  0.00000000E+00  6.51446817E-05
  2.04200000E+01  0.00000000E+00  6.14172580E-05
  2.05500000E+01  0.00000000E+00  5.79031268E-05
  2.06800000E+01  0.00000000E+00  5.45900845E-05
  2.08100000E+01  0.00000000E+00  5.14666254E-05
  2.09400000E+01  0.00000000E+00  4.85219018E-05
  2.10700000E+01  0.00000000E+00  4.57456866E-05
  2.12000000E+01  0.00000000E+00  4.31283374E-05
  2.13300000E+01  0.00000000E+00  4.06607636E-05
  2.14600000E+01  0.00000000E+00  3.83343945E-05
  2.15900000E+01  0.00000000E+00  3.61411497E-05
  2.17200000E+01  0.00000000E+00  3.40734112E-05
  2.18500000E+01  0.00000000E+00  3.21239967E-05
  2.19800000E+01  0.00000000E+00  3.02861348E-05
  2.21100000E+01  0.00000000E+00  2.85534417E-05
  2.22400000E+01  0.00000000E+00  2.69198988E-05
  2.23700000E+01  0.00000000E+00  2.53798318E-05
  2.25000000E+01  0.00000000E+00  2.39278913E-05
  2.26300000E+01  0.00000000E+00  2.25590337E-05
  2.27600000E+01  0.00000000E+00  2.12685043E-05
  2.28900000E+01  0.00000000E+00  2.00518203E-05
  2.30200000E+01  0.00000000E+00  1.89047557E-05
  2.31500000E+01  0.00000000E+00  1.78233260E-05
  2.32800000E+01  0.00000000E+00  1.68037751E-05
  2.34100000E+01  0.00000000E+00  1.58425615E-05
  2.35400000E+01  0.00000000E+00  1.49363467E-05
  2.36700000E+01  0.00000000E+00  1.40819831E-05
  2.38000000E+01  0.00000000E+00  1.32765033E-05
  2.39300000E+01  0.00000000E+00  1.25171097E-05
  2.40600000E+01  0.00000000E+00  1.18011648E-05
  2.41900000E+01  0.00000000E+00  1.11261822E-05
  2.43200000E+01  0.00000000E+00  1.04898176E-05
  2.44500000E+01  0.00000000E+00  9.88986098E-06
  2.45800000E+01  0.00000000E+00  9.32422889E-06
  2.47100000E+01  0.00000000E+00  8.79095702E-06
  2.48400000E+01  0.00000000E+00  8.28819351E-06
  2.49700000E+01  0.00000000E+00  7.81419250E-06
  2.51000000E+01  0.00000000E+00  7.36730807E-06
  2.52300000E+01  0.00000000E+00  6.94598848E-06
  2.53600000E+01  0.00000000E+00  6.54877082E-06
  2.54900000E+01  0.00000000E+00  6.17427590E-06
  2.56200000E+01  0.00000000E+00  5.82120348E-06
  2.57500000E+01  0.00000000E+00  5.48832773E-06
  2.58800000E+01  0.00000000E+00  5.17449298E-06
  2.60100000E+01  0.00000000E+00  4.87860971E-06
  2.61400000E+01  0.00000000E+00  4.59965074E-06
  2.62700000E+01  0.00000000E+00  4.33664770E-06
  2.64000000E+01  0.00000000E+00  4.08868763E-06
  2.65300000E+01  0.00000000E+00  3.85490981E-06
  2.66600000E+01  0.00000000E+00  3.63450280E-06
  2.67900000E+01  0.00000000E+00  3.42670159E-06
  2.69200000E+01  0.00000000E+00  3.23078495E-06
  2.70500000E+01  0.00000000E+00  3.04607292E-06
  2.71800000E+01  0.00000000E+00  2.87192446E-06
  2.73100000E+01  0.00000000E+00  2.70773522E-06
  2.74400000E+01  0.00000000E+00  2.55293543E-06
  2.75700000E+01  0.00000000E+00  2.40698791E-06
  2.77000000E+01  0.00000000E+00  2.26938624E-06
  2.78300000E+01  0.00000000E+00  2.13965297E-06
  2.79600000E+01  0.00000000E+00  2.01733798E-06
  2.80900000E+01  0.00000000E+00  1.90201688E-06
  2.82200000E+01  0.00000000E+00  1.79328960E-06
  2.83500000E+01  0.00000000E+00  1.69077893E-06
  2.84800000E+01  0.00000000E+00  1.59412927E-06
  2.86100000E+01  0.00000000E+00  1.50300534E-06
  2.87400000E+01  0.00000000E+00  1.41709106E-06
  2.88700000E+01  0.00000000E+00  1.33608843E-06
  2.90000000E+01  0.00000000E+00  1.25971650E-06
  2.91300000E+01  0.00000000E+00  1.18771038E-06
  2.92600000E+01  0.00000000E+00  1.11982036E-06
  2.93900000E+01  0.00000000E+00  1.05581099E-06
  2.95200000E+01  0.00000000E+00  9.95460308E-07
  2.96500000E+01  0.00000000E+00  9.38559032E-07
  2.97800000E+01  0.00000000E+00  8.84909862E-07
  2.99100000E+01  0.00000000E+00  8.34326780E-07
  3.00400000E+01  0.00000000E+00  7.86634409E-07
  3.01700000E+01  0.00000000E+00  7.41667401E-07
  3.03000000E+01  0.00000000E+00  6.99269866E-07
  3.04300000E+01  0.00000000E+00  6.59294827E-07
  3.05600000E+01  0.00000000E+00  6.21603713E-07
  3.06900000E+01  0.00000000E+00  5.86065879E-07
  3.08200000E+01  0.00000000E+00  5.52558146E-07
  3.09500000E+01  0.00000000E+00  5.20964381E-07
  3.10800000E+01  0.00000000E+00  4.91175089E-07
  3.12100000E+01  0.00000000E+00  4.63087036E-07
  3.13400000E+01  0.00000000E+00  4.36602887E-07
  3.14700000E+01  0.00000000E+00  4.11630872E-07
  3.16000000E+01  0.00000000E+00  3.88084465E-07
  3.17300000E+01  0.00000000E+00  3.65882085E-07
  3.18600000E+01  0.00000000E+00  3.44946812E-07
  3.19900000E+01  0.00000000E+00  3.25206122E-07
  3.21200000E+01  0.00000000E+00  3.06591631E-07
  3.22500000E+01  0.00000000E+00  2.89038863E-07
  3.23800000E+01  0.00000000E+00  2.72487024E-07
  3.25100000E+01  0.00000000E+00  2.56878789E-07
  3.26400000E+01  0.00000000E+00  2.42160108E-07
  3.27700000E+01  0.00000000E+00  2.28280013E-07
  3.29000000E+01  0.00000000E+00  2.15190446E-07
  3.30300000E+01  0.00000000E+00  2.02846088E-07
  3.31600000E+01  0.00000000E+00  1.91204207E-07
  3.32900000E+01  0.00000000E+00  1.80224504E-07
  3.34200000E+01  0.00000000E+00  1.69868977E-07
  3.35500000E+01  0.00000000E+00  1.60101790E-07
  3.36800000E+01  0.00000000E+00  1.50889145E-07
  3.38100000E+01  0.00000000E+00  1.42199169E-07
  3.39400000E+01  0.00000000E+00  1.34001799E-07
  3.40700000E+01  0.00000000E+00  1.26268682E-07
  3.42000000E+01  0.00000000E+00  1.18973076E-07
  3.43300000E+01  0.00000000E+00  1.12089754E-07
  3.44600000E+01  0.00000000E+00  1.05594920E-07
  3.45900000E+01  0.00000000E+00  9.94661272E-08
  3.47200000E+01  0.00000000E+00  9.36821963E-08
  3.48500000E+01  0.00000000E+00  8.82231457E-08
  3.49800000E+01  0.00000000E+00  8.30701210E-08
  3.51100000E+01  0.00000000E+00  7.82053297E-08
  3.52400000E+01  0.00000000E+00  7.36119802E-08
  3.53700000E+01  0.00000000E+00  6.92742228E-08
  3.55000000E+01  0.00000000E+00  6.51770957E-08
  3.56300000E+01  0.00000000E+00  6.13064729E-08
  3.57600000E+01  0.00000000E+00  5.76490154E-08
  3.58900000E+01  0.00000000E+00  5.41921251E-08
  3.60200000E+01  0.00000000E+00  5.09239013E-08
  3.61500000E+01  0.00000000E+00  4.78330996E-08
  3.62800000E+01  0.00000000E+00  4.49090933E-08
  3.64100000E+01  0.00000000E+00  4.21418362E-08
  3.65400000E+01  0.00000000E+00  3.95218286E-08
  3.66700000E+01  0.00000000E+00  3.70400840E-08
  3.68000000E+01  0.00000000E+00  3.46880988E-08
  3.69300000E+01  0.00000000E+00  3.24578223E-08
  3.70600000E+01  0.00000000E+00  3.03416295E-08
  3.71900000E+01  0.00000000E+00  2.83322949E-08
  3.73200000E+01  0.00000000E+00  2.64229675E-08
  3.74500000E+01  0.00000000E+00  2.46071474E-08
  3.75800000E+01  0.00000000E+00  2.28786635E-08
  3.77100000E+01  0.00000000E+00  2.12316525E-08
  3.78400000E+01  0.00000000E+00  1.96605388E-08
  3.79700000E+01  0.00000000E+00  1.81600156E-08
  3.81000000E+01  0.00000000E+00  1.67250266E-08
  3.82300000E+01  0.00000000E+00  1.53507490E-08
  3.83600000E+01  0.00000000E+00  1.40325770E-08
  3.84900000E+01  0.00000000E+00  1.27661066E-08
  3.86200000E+01  0.00000000E+00  1.15471200E-08
  3.87500000E+01  0.00000000E+00  1.03715723E-08
  3.88800000E+01  0.00000000E+00  9.23557715E-09
  3.90100000E+01  0.00000000E+00  8.13539416E-09
  3.91400000E+01  0.00000000E+00  7.06741628E-09
  3.92700000E+01  0.00000000E+00  6.02815783E-09
  3.94000000E+01  0.00000000E+00  5.01424295E-09
  3.95300000E+01  0.00000000E+00  4.02239443E-09
  3.96600000E+01  0.00000000E+00  3.04942296E-09
  3.97900000E+01  0.00000000E+00  2.09221671E-09
  3.99200000E+01  0.00000000E+00  1.14773112E-09
